Print SysEx
clear
          0       1       2       3       4       5       6       7
000 -START- 0000000 0000001 1110111 1111111 0000001 0000001 0000001
008 1111110 1011011 0000001 0000000 0000000 1011100 0000001 1100001
016 0000000 1011101 0000001 0000000 0000000 1011110 0000001 0000000
024 0000000 1011111 0000001 0000000 1001000 --END--
     0  1  2  3  4  5  6  7
000 F0 00 01 77 7F 01 01 01
008 7E 5B 01 00 00 5C 01 61
016 00 5D 01 00 00 5E 01 00
024 00 5F 01 00 48 F7
          0       1       2       3       4       5       6       7
000 -START- 0000000 0000001 1110111 1111111 0000001 0000001 0000001
008 1111110 1010101 0000001 0000000 0000000 1010110 0000001 1100001
016 0000000 1010111 0000001 0000000 0000000 1011000 0000001 0000000
024 0000000 1011001 0000001 0000000 1100110 --END--
     0  1  2  3  4  5  6  7
000 F0 00 01 77 7F 01 01 01
008 7E 55 01 00 00 56 01 61
016 00 57 01 00 00 58 01 00
024 00 59 01 00 66 F7
          0       1       2       3       4       5       6       7
000 -START- 0000000 0000001 1110111 1111111 0000001 0000001 0000001
008 1111110 1001111 0000001 0000000 0000000 1010000 0000001 1100001
016 0000000 1010001 0000001 0000000 0000000 1010010 0000001 0000000
024 0000000 1010011 0000001 0000000 0000100 --END--
     0  1  2  3  4  5  6  7
000 F0 00 01 77 7F 01 01 01
008 7E 4F 01 00 00 50 01 61
016 00 51 01 00 00 52 01 00
024 00 53 01 00 04 F7
          0       1       2       3       4       5       6       7
000 -START- 0000000 0000001 1110111 1111111 0000001 0000001 0000001
008 1111110 1001001 0000001 0000000 0000000 1001010 0000001 1100001
016 0000000 1001011 0000001 0000000 0000000 1001100 0000001 0000000
024 0000000 1001101 0000001 0000000 0100010 --END--
     0  1  2  3  4  5  6  7
000 F0 00 01 77 7F 01 01 01
008 7E 49 01 00 00 4A 01 61
016 00 4B 01 00 00 4C 01 00
024 00 4D 01 00 22 F7
          0       1       2       3       4       5       6       7
000 -START- 0000000 0000001 1110111 1111111 0000001 0000001 0000001
008 1111110 1000011 0000001 0000000 0000000 1000100 0000001 1100001
016 0000000 1000101 0000001 0000000 0000000 1000110 0000001 0000000
024 0000000 1000111 0000001 0000000 1000000 --END--
     0  1  2  3  4  5  6  7
000 F0 00 01 77 7F 01 01 01
008 7E 43 01 00 00 44 01 61
016 00 45 01 00 00 46 01 00
024 00 47 01 00 40 F7
          0       1       2       3       4       5       6       7
000 -START- 0000000 0000001 1110111 1111111 0000001 0000001 0000001
008 1111110 0111101 0000001 0000000 0000000 0111110 0000001 1100001
016 0000000 0111111 0000001 0000000 0000000 1000000 0000001 0000000
024 0000000 1000001 0000001 0000000 1011110 --END--
     0  1  2  3  4  5  6  7
000 F0 00 01 77 7F 01 01 01
008 7E 3D 01 00 00 3E 01 61
016 00 3F 01 00 00 40 01 00
024 00 41 01 00 5E F7
          0       1       2       3       4       5       6       7
000 -START- 0000000 0000001 1110111 1111111 0000001 0000001 0000001
008 1111110 0110111 0000001 0000000 0000000 0111000 0000001 1100001
016 0000000 0111001 0000001 0000000 0000000 0111010 0000001 0000000
024 0000000 0111011 0000001 0000000 1111100 --END--
     0  1  2  3  4  5  6  7
000 F0 00 01 77 7F 01 01 01
008 7E 37 01 00 00 38 01 61
016 00 39 01 00 00 3A 01 00
024 00 3B 01 00 7C F7
          0       1       2       3       4       5       6       7
000 -START- 0000000 0000001 1110111 1111111 0000001 0000001 0000001
008 1111110 0110001 0000001 0000000 0000000 0110010 0000001 1100001
016 0000000 0110011 0000001 0000000 0000000 0110100 0000001 0000000
024 0000000 0110101 0000001 0000000 0011010 --END--
     0  1  2  3  4  5  6  7
000 F0 00 01 77 7F 01 01 01
008 7E 31 01 00 00 32 01 61
016 00 33 01 00 00 34 01 00
024 00 35 01 00 1A F7
          0       1       2       3       4       5       6       7
000 -START- 0000000 0000001 1110111 1111111 0000001 0000001 0000001
008 1111110 0101011 0000001 0000000 0000000 0101100 0000001 1100001
016 0000000 0101101 0000001 0000000 0000000 0101110 0000001 0000000
024 0000000 0101111 0000001 0000000 0111000 --END--
     0  1  2  3  4  5  6  7
000 F0 00 01 77 7F 01 01 01
008 7E 2B 01 00 00 2C 01 61
016 00 2D 01 00 00 2E 01 00
024 00 2F 01 00 38 F7
          0       1       2       3       4       5       6       7
000 -START- 0000000 0000001 1110111 1111111 0000001 0000001 0000001
008 1111110 0100101 0000001 0000000 0000000 0100110 0000001 1100001
016 0000000 0100111 0000001 0000000 0000000 0101000 0000001 0000000
024 0000000 0101001 0000001 0000000 1010110 --END--
     0  1  2  3  4  5  6  7
000 F0 00 01 77 7F 01 01 01
008 7E 25 01 00 00 26 01 61
016 00 27 01 00 00 28 01 00
024 00 29 01 00 56 F7
          0       1       2       3       4       5       6       7
000 -START- 0000000 0000001 1110111 1111111 0000001 0000001 0000001
008 1111110 0011111 0000001 0000000 0000000 0100000 0000001 1100001
016 0000000 0100001 0000001 0000000 0000000 0100010 0000001 0000000
024 0000000 0100011 0000001 0000000 1110100 --END--
     0  1  2  3  4  5  6  7
000 F0 00 01 77 7F 01 01 01
008 7E 1F 01 00 00 20 01 61
016 00 21 01 00 00 22 01 00
024 00 23 01 00 74 F7
          0       1       2       3       4       5       6       7
000 -START- 0000000 0000001 1110111 1111111 0000001 0000001 0000001
008 1111110 0011001 0000001 0000000 0000000 0011010 0000001 1100001
016 0000000 0011011 0000001 0000000 0000000 0011100 0000001 0000000
024 0000000 0011101 0000001 0000000 0010010 --END--
     0  1  2  3  4  5  6  7
000 F0 00 01 77 7F 01 01 01
008 7E 19 01 00 00 1A 01 61
016 00 1B 01 00 00 1C 01 00
024 00 1D 01 00 12 F7
          0       1       2       3       4       5       6       7
000 -START- 0000000 0000001 1110111 1111111 0000001 0000001 0000001
008 1111110 0010011 0000001 0000000 0000000 0010100 0000001 1100001
016 0000000 0010101 0000001 0000000 0000000 0010110 0000001 0000000
024 0000000 0010111 0000001 0000000 0110000 --END--
     0  1  2  3  4  5  6  7
000 F0 00 01 77 7F 01 01 01
008 7E 13 01 00 00 14 01 61
016 00 15 01 00 00 16 01 00
024 00 17 01 00 30 F7
          0       1       2       3       4       5       6       7
000 -START- 0000000 0000001 1110111 1111111 0000001 0000001 0000001
008 1111110 0001101 0000001 0000000 0000000 0001110 0000001 1100001
016 0000000 0001111 0000001 0000000 0000000 0010000 0000001 0000000
024 0000000 0010001 0000001 0000000 1001110 --END--
     0  1  2  3  4  5  6  7
000 F0 00 01 77 7F 01 01 01
008 7E 0D 01 00 00 0E 01 61
016 00 0F 01 00 00 10 01 00
024 00 11 01 00 4E F7
          0       1       2       3       4       5       6       7
000 -START- 0000000 0000001 1110111 1111111 0000001 0000001 0000001
008 1111110 0000111 0000001 0000000 0000000 0001000 0000001 1100001
016 0000000 0001001 0000001 0000000 0000000 0001010 0000001 0000000
024 0000000 0001011 0000001 0000000 1101100 --END--
     0  1  2  3  4  5  6  7
000 F0 00 01 77 7F 01 01 01
008 7E 07 01 00 00 08 01 61
016 00 09 01 00 00 0A 01 00
024 00 0B 01 00 6C F7
          0       1       2       3       4       5       6       7
000 -START- 0000000 0000001 1110111 1111111 0000001 0000001 0000001
008 1111110 0000001 0000001 0000000 0000000 0000010 0000001 1100001
016 0000000 0000011 0000001 0000000 0000000 0000100 0000001 0000000
024 0000000 0000101 0000001 0000000 0001010 --END--
     0  1  2  3  4  5  6  7
000 F0 00 01 77 7F 01 01 01
008 7E 01 01 00 00 02 01 61
016 00 03 01 00 00 04 01 00
024 00 05 01 00 0A F7
          0       1       2       3       4       5       6       7
000 -START- 0000000 0000001 1110111 1111111 0000001 0000001 0000001
008 0110111 0011111 0000001 0000000 0000000 0100000 0000001 0000000
016 0000000 0100001 0000001 0000000 0000000 0100010 0000001 0000000
024 0000000 0100011 0000001 1111111 0000000 0100100 0000001 0000000
032 1111000 --END--
     0  1  2  3  4  5  6  7
000 F0 00 01 77 7F 01 01 01
008 37 1F 01 00 00 20 01 00
016 00 21 01 00 00 22 01 00
024 00 23 01 7F 00 24 01 00
032 78 F7
          0       1       2       3       4       5       6       7
000 -START- 0000000 0000001 1110111 1111111 0000001 0000001 0000001
008 0110111 0011001 0000001 0000000 0000000 0011010 0000001 0000000
016 0000000 0011011 0000001 0000000 0000000 0011100 0000001 0000000
024 0000000 0011101 0000001 1111111 0000000 0011110 0000001 0000000
032 0011100 --END--
     0  1  2  3  4  5  6  7
000 F0 00 01 77 7F 01 01 01
008 37 19 01 00 00 1A 01 00
016 00 1B 01 00 00 1C 01 00
024 00 1D 01 7F 00 1E 01 00
032 1C F7
          0       1       2       3       4       5       6       7
000 -START- 0000000 0000001 1110111 1111111 0000001 0000001 0000001
008 0110111 0010011 0000001 0000000 0000000 0010100 0000001 0000000
016 0000000 0010101 0000001 0000000 0000000 0010110 0000001 0000000
024 0000000 0010111 0000001 1111111 0000000 0011000 0000001 0000000
032 1000000 --END--
     0  1  2  3  4  5  6  7
000 F0 00 01 77 7F 01 01 01
008 37 13 01 00 00 14 01 00
016 00 15 01 00 00 16 01 00
024 00 17 01 7F 00 18 01 00
032 40 F7
          0       1       2       3       4       5       6       7
000 -START- 0000000 0000001 1110111 1111111 0000001 0000001 0000001
008 0110111 0001101 0000001 0000000 0000000 0001110 0000001 0000000
016 0000000 0001111 0000001 0000000 0000000 0010000 0000001 0000000
024 0000000 0010001 0000001 1111111 0000000 0010010 0000001 0000000
032 1100100 --END--
     0  1  2  3  4  5  6  7
000 F0 00 01 77 7F 01 01 01
008 37 0D 01 00 00 0E 01 00
016 00 0F 01 00 00 10 01 00
024 00 11 01 7F 00 12 01 00
032 64 F7
          0       1       2       3       4       5       6       7
000 -START- 0000000 0000001 1110111 1111111 0000001 0000001 0000001
008 0110111 0000111 0000001 0000000 0000000 0001000 0000001 0000000
016 0000000 0001001 0000001 0000000 0000000 0001010 0000001 0000000
024 0000000 0001011 0000001 1111111 0000000 0001100 0000001 0000000
032 0001000 --END--
     0  1  2  3  4  5  6  7
000 F0 00 01 77 7F 01 01 01
008 37 07 01 00 00 08 01 00
016 00 09 01 00 00 0A 01 00
024 00 0B 01 7F 00 0C 01 00
032 08 F7
          0       1       2       3       4       5       6       7
000 -START- 0000000 0000001 1110111 1111111 0000001 0000001 0000001
008 0110111 0000001 0000001 0000000 0000000 0000010 0000001 0000000
016 0000000 0000011 0000001 0001011 0000000 0000100 0000001 0000000
024 0000000 0000101 0000001 1111111 0000000 0000110 0000001 0000001
032 0100000 --END--
     0  1  2  3  4  5  6  7
000 F0 00 01 77 7F 01 01 01
008 37 01 01 00 00 02 01 00
016 00 03 01 0B 00 04 01 00
024 00 05 01 7F 00 06 01 01
032 20 F7
          0       1       2       3       4       5       6       7
000 -START- 0000000 0000001 1110111 1111111 0000001 0000001 0000001
008 0110111 1100000 0000001 0000000 1100101 --END--
     0  1  2  3  4  5  6  7
000 F0 00 01 77 7F 01 01 01
008 37 60 01 00 65 F7
          0       1       2       3       4       5       6       7
000 -START- 0000000 0000001 1110111 1111111 0000001 0000001 0000001
008 0110110 0011111 0000001 0000000 0000000 0100000 0000001 0000000
016 0000000 0100001 0000001 0000000 0000000 0100010 0000001 0000000
024 0000000 0100011 0000001 1111111 0000000 0100100 0000001 0000000
032 1111001 --END--
     0  1  2  3  4  5  6  7
000 F0 00 01 77 7F 01 01 01
008 36 1F 01 00 00 20 01 00
016 00 21 01 00 00 22 01 00
024 00 23 01 7F 00 24 01 00
032 79 F7
          0       1       2       3       4       5       6       7
000 -START- 0000000 0000001 1110111 1111111 0000001 0000001 0000001
008 0110110 0011001 0000001 0000000 0000000 0011010 0000001 0000000
016 0000000 0011011 0000001 0000000 0000000 0011100 0000001 0000000
024 0000000 0011101 0000001 1111111 0000000 0011110 0000001 0000000
032 0011101 --END--
     0  1  2  3  4  5  6  7
000 F0 00 01 77 7F 01 01 01
008 36 19 01 00 00 1A 01 00
016 00 1B 01 00 00 1C 01 00
024 00 1D 01 7F 00 1E 01 00
032 1D F7
          0       1       2       3       4       5       6       7
000 -START- 0000000 0000001 1110111 1111111 0000001 0000001 0000001
008 0110110 0010011 0000001 0000000 0000000 0010100 0000001 0000000
016 0000000 0010101 0000001 0000000 0000000 0010110 0000001 0000000
024 0000000 0010111 0000001 1111111 0000000 0011000 0000001 0000000
032 1000001 --END--
     0  1  2  3  4  5  6  7
000 F0 00 01 77 7F 01 01 01
008 36 13 01 00 00 14 01 00
016 00 15 01 00 00 16 01 00
024 00 17 01 7F 00 18 01 00
032 41 F7
          0       1       2       3       4       5       6       7
000 -START- 0000000 0000001 1110111 1111111 0000001 0000001 0000001
008 0110110 0001101 0000001 0000000 0000000 0001110 0000001 0000000
016 0000000 0001111 0000001 0000000 0000000 0010000 0000001 0000000
024 0000000 0010001 0000001 1111111 0000000 0010010 0000001 0000000
032 1100101 --END--
     0  1  2  3  4  5  6  7
000 F0 00 01 77 7F 01 01 01
008 36 0D 01 00 00 0E 01 00
016 00 0F 01 00 00 10 01 00
024 00 11 01 7F 00 12 01 00
032 65 F7
          0       1       2       3       4       5       6       7
000 -START- 0000000 0000001 1110111 1111111 0000001 0000001 0000001
008 0110110 0000111 0000001 0000000 0000000 0001000 0000001 0000000
016 0000000 0001001 0000001 0000000 0000000 0001010 0000001 0000000
024 0000000 0001011 0000001 1111111 0000000 0001100 0000001 0000000
032 0001001 --END--
     0  1  2  3  4  5  6  7
000 F0 00 01 77 7F 01 01 01
008 36 07 01 00 00 08 01 00
016 00 09 01 00 00 0A 01 00
024 00 0B 01 7F 00 0C 01 00
032 09 F7
          0       1       2       3       4       5       6       7
000 -START- 0000000 0000001 1110111 1111111 0000001 0000001 0000001
008 0110110 0000001 0000001 0000000 0000000 0000010 0000001 0000000
016 0000000 0000011 0000001 0000111 0000000 0000100 0000001 0000000
024 0000000 0000101 0000001 1111111 0000000 0000110 0000001 0000001
032 0100101 --END--
     0  1  2  3  4  5  6  7
000 F0 00 01 77 7F 01 01 01
008 36 01 01 00 00 02 01 00
016 00 03 01 07 00 04 01 00
024 00 05 01 7F 00 06 01 01
032 25 F7
          0       1       2       3       4       5       6       7
000 -START- 0000000 0000001 1110111 1111111 0000001 0000001 0000001
008 0110110 1100000 0000001 0000000 1100110 --END--
     0  1  2  3  4  5  6  7
000 F0 00 01 77 7F 01 01 01
008 36 60 01 00 66 F7
          0       1       2       3       4       5       6       7
000 -START- 0000000 0000001 1110111 1111111 0000001 0000001 0000001
008 0011011 0011111 0000001 0000000 0000000 0100000 0000001 1100001
016 0000000 0100001 0000001 0000000 0000000 0100010 0000001 1111111
024 0000000 0100011 0000001 0000000 0000000 0100100 0000001 0000000
032 0110011 --END--
     0  1  2  3  4  5  6  7
000 F0 00 01 77 7F 01 01 01
008 1B 1F 01 00 00 20 01 61
016 00 21 01 00 00 22 01 7F
024 00 23 01 00 00 24 01 00
032 33 F7
          0       1       2       3       4       5       6       7
000 -START- 0000000 0000001 1110111 1111111 0000001 0000001 0000001
008 0011011 0011001 0000001 0000000 0000000 0011010 0000001 1100001
016 0000000 0011011 0000001 0000000 0000000 0011100 0000001 1111111
024 0000000 0011101 0000001 0000000 0000000 0011110 0000001 0000000
032 1010111 --END--
     0  1  2  3  4  5  6  7
000 F0 00 01 77 7F 01 01 01
008 1B 19 01 00 00 1A 01 61
016 00 1B 01 00 00 1C 01 7F
024 00 1D 01 00 00 1E 01 00
032 57 F7
          0       1       2       3       4       5       6       7
000 -START- 0000000 0000001 1110111 1111111 0000001 0000001 0000001
008 0011011 0010011 0000001 0000000 0000000 0010100 0000001 1100001
016 0000000 0010101 0000001 0000000 0000000 0010110 0000001 1111111
024 0000000 0010111 0000001 0000000 0000000 0011000 0000001 0000000
032 1111011 --END--
     0  1  2  3  4  5  6  7
000 F0 00 01 77 7F 01 01 01
008 1B 13 01 00 00 14 01 61
016 00 15 01 00 00 16 01 7F
024 00 17 01 00 00 18 01 00
032 7B F7
          0       1       2       3       4       5       6       7
000 -START- 0000000 0000001 1110111 1111111 0000001 0000001 0000001
008 0011011 0001101 0000001 0000000 0000000 0001110 0000001 1100001
016 0000000 0001111 0000001 0000000 0000000 0010000 0000001 1111111
024 0000000 0010001 0000001 0000000 0000000 0010010 0000001 0000000
032 0011111 --END--
     0  1  2  3  4  5  6  7
000 F0 00 01 77 7F 01 01 01
008 1B 0D 01 00 00 0E 01 61
016 00 0F 01 00 00 10 01 7F
024 00 11 01 00 00 12 01 00
032 1F F7
          0       1       2       3       4       5       6       7
000 -START- 0000000 0000001 1110111 1111111 0000001 0000001 0000001
008 0011011 0000111 0000001 0000000 0000000 0001000 0000001 1100001
016 0000000 0001001 0000001 0000000 0000000 0001010 0000001 1111111
024 0000000 0001011 0000001 0000000 0000000 0001100 0000001 0000000
032 1000011 --END--
     0  1  2  3  4  5  6  7
000 F0 00 01 77 7F 01 01 01
008 1B 07 01 00 00 08 01 61
016 00 09 01 00 00 0A 01 7F
024 00 0B 01 00 00 0C 01 00
032 43 F7
          0       1       2       3       4       5       6       7
000 -START- 0000000 0000001 1110111 1111111 0000001 0000001 0000001
008 0011011 0000001 0000001 0000000 0000000 0000010 0000001 1100001
016 0000000 0000011 0000001 0000000 0000000 0000100 0000001 1111111
024 0000000 0000101 0000001 0000000 0000000 0000110 0000001 0000001
032 1100110 --END--
     0  1  2  3  4  5  6  7
000 F0 00 01 77 7F 01 01 01
008 1B 01 01 00 00 02 01 61
016 00 03 01 00 00 04 01 7F
024 00 05 01 00 00 06 01 01
032 66 F7
          0       1       2       3       4       5       6       7
000 -START- 0000000 0000001 1110111 1111111 0000001 0000001 0000001
008 0011011 1100000 0000001 0000000 0000001 --END--
     0  1  2  3  4  5  6  7
000 F0 00 01 77 7F 01 01 01
008 1B 60 01 00 01 F7
          0       1       2       3       4       5       6       7
000 -START- 0000000 0000001 1110111 1111111 0000001 0000001 0000001
008 0011010 0011111 0000001 0000000 0000000 0100000 0000001 1100001
016 0000000 0100001 0000001 0000000 0000000 0100010 0000001 1111111
024 0000000 0100011 0000001 0000000 0000000 0100100 0000001 0000000
032 0110100 --END--
     0  1  2  3  4  5  6  7
000 F0 00 01 77 7F 01 01 01
008 1A 1F 01 00 00 20 01 61
016 00 21 01 00 00 22 01 7F
024 00 23 01 00 00 24 01 00
032 34 F7
          0       1       2       3       4       5       6       7
000 -START- 0000000 0000001 1110111 1111111 0000001 0000001 0000001
008 0011010 0011001 0000001 0000000 0000000 0011010 0000001 1100001
016 0000000 0011011 0000001 0000000 0000000 0011100 0000001 1111111
024 0000000 0011101 0000001 0000000 0000000 0011110 0000001 0000000
032 1011000 --END--
     0  1  2  3  4  5  6  7
000 F0 00 01 77 7F 01 01 01
008 1A 19 01 00 00 1A 01 61
016 00 1B 01 00 00 1C 01 7F
024 00 1D 01 00 00 1E 01 00
032 58 F7
          0       1       2       3       4       5       6       7
000 -START- 0000000 0000001 1110111 1111111 0000001 0000001 0000001
008 0011010 0010011 0000001 0000000 0000000 0010100 0000001 1100001
016 0000000 0010101 0000001 0000000 0000000 0010110 0000001 1111111
024 0000000 0010111 0000001 0000000 0000000 0011000 0000001 0000000
032 1111100 --END--
     0  1  2  3  4  5  6  7
000 F0 00 01 77 7F 01 01 01
008 1A 13 01 00 00 14 01 61
016 00 15 01 00 00 16 01 7F
024 00 17 01 00 00 18 01 00
032 7C F7
          0       1       2       3       4       5       6       7
000 -START- 0000000 0000001 1110111 1111111 0000001 0000001 0000001
008 0011010 0001101 0000001 0000000 0000000 0001110 0000001 1100001
016 0000000 0001111 0000001 0000000 0000000 0010000 0000001 1111111
024 0000000 0010001 0000001 0000000 0000000 0010010 0000001 0000000
032 0100000 --END--
     0  1  2  3  4  5  6  7
000 F0 00 01 77 7F 01 01 01
008 1A 0D 01 00 00 0E 01 61
016 00 0F 01 00 00 10 01 7F
024 00 11 01 00 00 12 01 00
032 20 F7
          0       1       2       3       4       5       6       7
000 -START- 0000000 0000001 1110111 1111111 0000001 0000001 0000001
008 0011010 0000111 0000001 0000000 0000000 0001000 0000001 1100001
016 0000000 0001001 0000001 0000000 0000000 0001010 0000001 1111111
024 0000000 0001011 0000001 0000000 0000000 0001100 0000001 0000000
032 1000100 --END--
     0  1  2  3  4  5  6  7
000 F0 00 01 77 7F 01 01 01
008 1A 07 01 00 00 08 01 61
016 00 09 01 00 00 0A 01 7F
024 00 0B 01 00 00 0C 01 00
032 44 F7
          0       1       2       3       4       5       6       7
000 -START- 0000000 0000001 1110111 1111111 0000001 0000001 0000001
008 0011010 0000001 0000001 0000000 0000000 0000010 0000001 1100001
016 0000000 0000011 0000001 0000000 0000000 0000100 0000001 1111111
024 0000000 0000101 0000001 0000000 0000000 0000110 0000001 0000001
032 1100111 --END--
     0  1  2  3  4  5  6  7
000 F0 00 01 77 7F 01 01 01
008 1A 01 01 00 00 02 01 61
016 00 03 01 00 00 04 01 7F
024 00 05 01 00 00 06 01 01
032 67 F7
          0       1       2       3       4       5       6       7
000 -START- 0000000 0000001 1110111 1111111 0000001 0000001 0000001
008 0011010 1100000 0000001 0000000 0000010 --END--
     0  1  2  3  4  5  6  7
000 F0 00 01 77 7F 01 01 01
008 1A 60 01 00 02 F7
          0       1       2       3       4       5       6       7
000 -START- 0000000 0000001 1110111 1111111 0000001 0000001 0000001
008 0011001 0011111 0000001 0000000 0000000 0100000 0000001 1100001
016 0000000 0100001 0000001 0000000 0000000 0100010 0000001 0000000
024 0000000 0100011 0000001 0000000 0000000 0100100 0000001 0000000
032 0110100 --END--
     0  1  2  3  4  5  6  7
000 F0 00 01 77 7F 01 01 01
008 19 1F 01 00 00 20 01 61
016 00 21 01 00 00 22 01 00
024 00 23 01 00 00 24 01 00
032 34 F7
          0       1       2       3       4       5       6       7
000 -START- 0000000 0000001 1110111 1111111 0000001 0000001 0000001
008 0011001 0011001 0000001 0000000 0000000 0011010 0000001 1100001
016 0000000 0011011 0000001 0000000 0000000 0011100 0000001 0000000
024 0000000 0011101 0000001 0000000 0000000 0011110 0000001 0000000
032 1011000 --END--
     0  1  2  3  4  5  6  7
000 F0 00 01 77 7F 01 01 01
008 19 19 01 00 00 1A 01 61
016 00 1B 01 00 00 1C 01 00
024 00 1D 01 00 00 1E 01 00
032 58 F7
          0       1       2       3       4       5       6       7
000 -START- 0000000 0000001 1110111 1111111 0000001 0000001 0000001
008 0011001 0010011 0000001 0000000 0000000 0010100 0000001 1100001
016 0000000 0010101 0000001 0000000 0000000 0010110 0000001 0000000
024 0000000 0010111 0000001 0000000 0000000 0011000 0000001 0000000
032 1111100 --END--
     0  1  2  3  4  5  6  7
000 F0 00 01 77 7F 01 01 01
008 19 13 01 00 00 14 01 61
016 00 15 01 00 00 16 01 00
024 00 17 01 00 00 18 01 00
032 7C F7
          0       1       2       3       4       5       6       7
000 -START- 0000000 0000001 1110111 1111111 0000001 0000001 0000001
008 0011001 0001101 0000001 0000000 0000000 0001110 0000001 1100001
016 0000000 0001111 0000001 0000000 0000000 0010000 0000001 0000000
024 0000000 0010001 0000001 0000000 0000000 0010010 0000001 0000000
032 0100000 --END--
     0  1  2  3  4  5  6  7
000 F0 00 01 77 7F 01 01 01
008 19 0D 01 00 00 0E 01 61
016 00 0F 01 00 00 10 01 00
024 00 11 01 00 00 12 01 00
032 20 F7
          0       1       2       3       4       5       6       7
000 -START- 0000000 0000001 1110111 1111111 0000001 0000001 0000001
008 0011001 0000111 0000001 0000000 0000000 0001000 0000001 1100001
016 0000000 0001001 0000001 0000000 0000000 0001010 0000001 0000000
024 0000000 0001011 0000001 0000000 0000000 0001100 0000001 0000000
032 1000100 --END--
     0  1  2  3  4  5  6  7
000 F0 00 01 77 7F 01 01 01
008 19 07 01 00 00 08 01 61
016 00 09 01 00 00 0A 01 00
024 00 0B 01 00 00 0C 01 00
032 44 F7
          0       1       2       3       4       5       6       7
000 -START- 0000000 0000001 1110111 1111111 0000001 0000001 0000001
008 0011001 0000001 0000001 0000000 0000000 0000010 0000001 1000110
016 0000000 0000011 0000001 0000000 0000000 0000100 0000001 1111111
024 0000000 0000101 0000001 0000000 0000000 0000110 0000001 0000001
032 0000011 --END--
     0  1  2  3  4  5  6  7
000 F0 00 01 77 7F 01 01 01
008 19 01 01 00 00 02 01 46
016 00 03 01 00 00 04 01 7F
024 00 05 01 00 00 06 01 01
032 03 F7
          0       1       2       3       4       5       6       7
000 -START- 0000000 0000001 1110111 1111111 0000001 0000001 0000001
008 0011001 1100000 0000001 0000000 0000011 --END--
     0  1  2  3  4  5  6  7
000 F0 00 01 77 7F 01 01 01
008 19 60 01 00 03 F7
          0       1       2       3       4       5       6       7
000 -START- 0000000 0000001 1110111 1111111 0000001 0000001 0000001
008 0011000 0011111 0000001 0000000 0000000 0100000 0000001 1100001
016 0000000 0100001 0000001 0000000 0000000 0100010 0000001 0000000
024 0000000 0100011 0000001 0000000 0000000 0100100 0000001 0000000
032 0110101 --END--
     0  1  2  3  4  5  6  7
000 F0 00 01 77 7F 01 01 01
008 18 1F 01 00 00 20 01 61
016 00 21 01 00 00 22 01 00
024 00 23 01 00 00 24 01 00
032 35 F7
          0       1       2       3       4       5       6       7
000 -START- 0000000 0000001 1110111 1111111 0000001 0000001 0000001
008 0011000 0011001 0000001 0000000 0000000 0011010 0000001 1100001
016 0000000 0011011 0000001 0000000 0000000 0011100 0000001 0000000
024 0000000 0011101 0000001 0000000 0000000 0011110 0000001 0000000
032 1011001 --END--
     0  1  2  3  4  5  6  7
000 F0 00 01 77 7F 01 01 01
008 18 19 01 00 00 1A 01 61
016 00 1B 01 00 00 1C 01 00
024 00 1D 01 00 00 1E 01 00
032 59 F7
          0       1       2       3       4       5       6       7
000 -START- 0000000 0000001 1110111 1111111 0000001 0000001 0000001
008 0011000 0010011 0000001 0000000 0000000 0010100 0000001 1100001
016 0000000 0010101 0000001 0000000 0000000 0010110 0000001 0000000
024 0000000 0010111 0000001 0000000 0000000 0011000 0000001 0000000
032 1111101 --END--
     0  1  2  3  4  5  6  7
000 F0 00 01 77 7F 01 01 01
008 18 13 01 00 00 14 01 61
016 00 15 01 00 00 16 01 00
024 00 17 01 00 00 18 01 00
032 7D F7
          0       1       2       3       4       5       6       7
000 -START- 0000000 0000001 1110111 1111111 0000001 0000001 0000001
008 0011000 0001101 0000001 0000000 0000000 0001110 0000001 1100001
016 0000000 0001111 0000001 0000000 0000000 0010000 0000001 0000000
024 0000000 0010001 0000001 0000000 0000000 0010010 0000001 0000000
032 0100001 --END--
     0  1  2  3  4  5  6  7
000 F0 00 01 77 7F 01 01 01
008 18 0D 01 00 00 0E 01 61
016 00 0F 01 00 00 10 01 00
024 00 11 01 00 00 12 01 00
032 21 F7
          0       1       2       3       4       5       6       7
000 -START- 0000000 0000001 1110111 1111111 0000001 0000001 0000001
008 0011000 0000111 0000001 0000000 0000000 0001000 0000001 1100001
016 0000000 0001001 0000001 0000000 0000000 0001010 0000001 0000000
024 0000000 0001011 0000001 0000000 0000000 0001100 0000001 0000000
032 1000101 --END--
     0  1  2  3  4  5  6  7
000 F0 00 01 77 7F 01 01 01
008 18 07 01 00 00 08 01 61
016 00 09 01 00 00 0A 01 00
024 00 0B 01 00 00 0C 01 00
032 45 F7
          0       1       2       3       4       5       6       7
000 -START- 0000000 0000001 1110111 1111111 0000001 0000001 0000001
008 0011000 0000001 0000001 0000000 0000000 0000010 0000001 1000110
016 0000000 0000011 0000001 0000000 0000000 0000100 0000001 0000000
024 0000000 0000101 0000001 1111111 0000000 0000110 0000001 0000001
032 0000100 --END--
     0  1  2  3  4  5  6  7
000 F0 00 01 77 7F 01 01 01
008 18 01 01 00 00 02 01 46
016 00 03 01 00 00 04 01 00
024 00 05 01 7F 00 06 01 01
032 04 F7
          0       1       2       3       4       5       6       7
000 -START- 0000000 0000001 1110111 1111111 0000001 0000001 0000001
008 0011000 1100000 0000001 0000000 0000100 --END--
     0  1  2  3  4  5  6  7
000 F0 00 01 77 7F 01 01 01
008 18 60 01 00 04 F7
          0       1       2       3       4       5       6       7
000 -START- 0000000 0000001 1110111 1111111 0000001 0000001 0000001
008 0010111 1010100 0000001 0000000 0000000 1010101 0000001 1111111
016 0000000 1010110 0000001 1111111 0000000 1010111 0000001 0000000
024 0001110 --END--
     0  1  2  3  4  5  6  7
000 F0 00 01 77 7F 01 01 01
008 17 54 01 00 00 55 01 7F
016 00 56 01 7F 00 57 01 00
024 0E F7
          0       1       2       3       4       5       6       7
000 -START- 0000000 0000001 1110111 1111111 0000001 0000001 0000001
008 0010111 1010000 0000001 0000000 0000000 1010001 0000001 1111111
016 0000000 1010010 0000001 1111111 0000000 1010011 0000001 0000000
024 0011110 --END--
     0  1  2  3  4  5  6  7
000 F0 00 01 77 7F 01 01 01
008 17 50 01 00 00 51 01 7F
016 00 52 01 7F 00 53 01 00
024 1E F7
          0       1       2       3       4       5       6       7
000 -START- 0000000 0000001 1110111 1111111 0000001 0000001 0000001
008 0010111 1001100 0000001 0000000 0000000 1001101 0000001 1111111
016 0000000 1001110 0000001 1111111 0000000 1001111 0000001 0000000
024 0101110 --END--
     0  1  2  3  4  5  6  7
000 F0 00 01 77 7F 01 01 01
008 17 4C 01 00 00 4D 01 7F
016 00 4E 01 7F 00 4F 01 00
024 2E F7
          0       1       2       3       4       5       6       7
000 -START- 0000000 0000001 1110111 1111111 0000001 0000001 0000001
008 0010111 1001000 0000001 0000000 0000000 1001001 0000001 1111111
016 0000000 1001010 0000001 1111111 0000000 1001011 0000001 0000000
024 0111110 --END--
     0  1  2  3  4  5  6  7
000 F0 00 01 77 7F 01 01 01
008 17 48 01 00 00 49 01 7F
016 00 4A 01 7F 00 4B 01 00
024 3E F7
          0       1       2       3       4       5       6       7
000 -START- 0000000 0000001 1110111 1111111 0000001 0000001 0000001
008 0010111 1000100 0000001 0000000 0000000 1000101 0000001 1111111
016 0000000 1000110 0000001 1111111 0000000 1000111 0000001 0000000
024 1001110 --END--
     0  1  2  3  4  5  6  7
000 F0 00 01 77 7F 01 01 01
008 17 44 01 00 00 45 01 7F
016 00 46 01 7F 00 47 01 00
024 4E F7
          0       1       2       3       4       5       6       7
000 -START- 0000000 0000001 1110111 1111111 0000001 0000001 0000001
008 0010111 1000000 0000001 0000000 0000000 1000001 0000001 1111111
016 0000000 1000010 0000001 1111111 0000000 1000011 0000001 0000000
024 1011110 --END--
     0  1  2  3  4  5  6  7
000 F0 00 01 77 7F 01 01 01
008 17 40 01 00 00 41 01 7F
016 00 42 01 7F 00 43 01 00
024 5E F7
          0       1       2       3       4       5       6       7
000 -START- 0000000 0000001 1110111 1111111 0000001 0000001 0000001
008 0010111 0011111 0000001 0000000 0000000 0100000 0000001 1100001
016 0000000 0100001 0000001 0000000 0000000 0100010 0000001 1111111
024 0000000 0100011 0000001 0000000 0000000 0100100 0000001 0000000
032 0110111 --END--
     0  1  2  3  4  5  6  7
000 F0 00 01 77 7F 01 01 01
008 17 1F 01 00 00 20 01 61
016 00 21 01 00 00 22 01 7F
024 00 23 01 00 00 24 01 00
032 37 F7
          0       1       2       3       4       5       6       7
000 -START- 0000000 0000001 1110111 1111111 0000001 0000001 0000001
008 0010111 0011001 0000001 0000000 0000000 0011010 0000001 1100001
016 0000000 0011011 0000001 0000000 0000000 0011100 0000001 1111111
024 0000000 0011101 0000001 0000000 0000000 0011110 0000001 0000000
032 1011011 --END--
     0  1  2  3  4  5  6  7
000 F0 00 01 77 7F 01 01 01
008 17 19 01 00 00 1A 01 61
016 00 1B 01 00 00 1C 01 7F
024 00 1D 01 00 00 1E 01 00
032 5B F7
          0       1       2       3       4       5       6       7
000 -START- 0000000 0000001 1110111 1111111 0000001 0000001 0000001
008 0010111 0010011 0000001 0000000 0000000 0010100 0000001 1100001
016 0000000 0010101 0000001 0000000 0000000 0010110 0000001 1111111
024 0000000 0010111 0000001 0000000 0000000 0011000 0000001 0000000
032 1111111 --END--
     0  1  2  3  4  5  6  7
000 F0 00 01 77 7F 01 01 01
008 17 13 01 00 00 14 01 61
016 00 15 01 00 00 16 01 7F
024 00 17 01 00 00 18 01 00
032 7F F7
          0       1       2       3       4       5       6       7
000 -START- 0000000 0000001 1110111 1111111 0000001 0000001 0000001
008 0010111 0001101 0000001 0000000 0000000 0001110 0000001 1100001
016 0000000 0001111 0000001 0000000 0000000 0010000 0000001 1111111
024 0000000 0010001 0000001 0000000 0000000 0010010 0000001 0000000
032 0100011 --END--
     0  1  2  3  4  5  6  7
000 F0 00 01 77 7F 01 01 01
008 17 0D 01 00 00 0E 01 61
016 00 0F 01 00 00 10 01 7F
024 00 11 01 00 00 12 01 00
032 23 F7
          0       1       2       3       4       5       6       7
000 -START- 0000000 0000001 1110111 1111111 0000001 0000001 0000001
008 0010111 0000111 0000001 0000000 0000000 0001000 0000001 1100001
016 0000000 0001001 0000001 0000000 0000000 0001010 0000001 1111111
024 0000000 0001011 0000001 0000000 0000000 0001100 0000001 0000000
032 1000111 --END--
     0  1  2  3  4  5  6  7
000 F0 00 01 77 7F 01 01 01
008 17 07 01 00 00 08 01 61
016 00 09 01 00 00 0A 01 7F
024 00 0B 01 00 00 0C 01 00
032 47 F7
          0       1       2       3       4       5       6       7
000 -START- 0000000 0000001 1110111 1111111 0000001 0000001 0000001
008 0010111 0000001 0000001 0000000 0000000 0000010 0000001 1010110
016 0000000 0000011 0000001 0000000 0000000 0000100 0000001 0000000
024 0000000 0000101 0000001 0000000 0000000 0000110 0000001 0000001
032 1110100 --END--
     0  1  2  3  4  5  6  7
000 F0 00 01 77 7F 01 01 01
008 17 01 01 00 00 02 01 56
016 00 03 01 00 00 04 01 00
024 00 05 01 00 00 06 01 01
032 74 F7
          0       1       2       3       4       5       6       7
000 -START- 0000000 0000001 1110111 1111111 0000001 0000001 0000001
008 0010111 1100000 0000001 0000000 0000101 --END--
     0  1  2  3  4  5  6  7
000 F0 00 01 77 7F 01 01 01
008 17 60 01 00 05 F7
          0       1       2       3       4       5       6       7
000 -START- 0000000 0000001 1110111 1111111 0000001 0000001 0000001
008 0010110 1010100 0000001 0000000 0000000 1010101 0000001 1111111
016 0000000 1010110 0000001 1111111 0000000 1010111 0000001 0000000
024 0001111 --END--
     0  1  2  3  4  5  6  7
000 F0 00 01 77 7F 01 01 01
008 16 54 01 00 00 55 01 7F
016 00 56 01 7F 00 57 01 00
024 0F F7
          0       1       2       3       4       5       6       7
000 -START- 0000000 0000001 1110111 1111111 0000001 0000001 0000001
008 0010110 1010000 0000001 0000000 0000000 1010001 0000001 1111111
016 0000000 1010010 0000001 1111111 0000000 1010011 0000001 0000000
024 0011111 --END--
     0  1  2  3  4  5  6  7
000 F0 00 01 77 7F 01 01 01
008 16 50 01 00 00 51 01 7F
016 00 52 01 7F 00 53 01 00
024 1F F7
          0       1       2       3       4       5       6       7
000 -START- 0000000 0000001 1110111 1111111 0000001 0000001 0000001
008 0010110 1001100 0000001 0000000 0000000 1001101 0000001 1111111
016 0000000 1001110 0000001 1111111 0000000 1001111 0000001 0000000
024 0101111 --END--
     0  1  2  3  4  5  6  7
000 F0 00 01 77 7F 01 01 01
008 16 4C 01 00 00 4D 01 7F
016 00 4E 01 7F 00 4F 01 00
024 2F F7
          0       1       2       3       4       5       6       7
000 -START- 0000000 0000001 1110111 1111111 0000001 0000001 0000001
008 0010110 1001000 0000001 0000000 0000000 1001001 0000001 1111111
016 0000000 1001010 0000001 1111111 0000000 1001011 0000001 0000000
024 0111111 --END--
     0  1  2  3  4  5  6  7
000 F0 00 01 77 7F 01 01 01
008 16 48 01 00 00 49 01 7F
016 00 4A 01 7F 00 4B 01 00
024 3F F7
          0       1       2       3       4       5       6       7
000 -START- 0000000 0000001 1110111 1111111 0000001 0000001 0000001
008 0010110 1000100 0000001 0000000 0000000 1000101 0000001 1111111
016 0000000 1000110 0000001 1111111 0000000 1000111 0000001 0000000
024 1001111 --END--
     0  1  2  3  4  5  6  7
000 F0 00 01 77 7F 01 01 01
008 16 44 01 00 00 45 01 7F
016 00 46 01 7F 00 47 01 00
024 4F F7
          0       1       2       3       4       5       6       7
000 -START- 0000000 0000001 1110111 1111111 0000001 0000001 0000001
008 0010110 1000000 0000001 0000000 0000000 1000001 0000001 1111111
016 0000000 1000010 0000001 1111111 0000000 1000011 0000001 0000000
024 1011111 --END--
     0  1  2  3  4  5  6  7
000 F0 00 01 77 7F 01 01 01
008 16 40 01 00 00 41 01 7F
016 00 42 01 7F 00 43 01 00
024 5F F7
          0       1       2       3       4       5       6       7
000 -START- 0000000 0000001 1110111 1111111 0000001 0000001 0000001
008 0010110 0011111 0000001 0000000 0000000 0100000 0000001 1100001
016 0000000 0100001 0000001 0000000 0000000 0100010 0000001 1111111
024 0000000 0100011 0000001 0000000 0000000 0100100 0000001 0000000
032 0111000 --END--
     0  1  2  3  4  5  6  7
000 F0 00 01 77 7F 01 01 01
008 16 1F 01 00 00 20 01 61
016 00 21 01 00 00 22 01 7F
024 00 23 01 00 00 24 01 00
032 38 F7
          0       1       2       3       4       5       6       7
000 -START- 0000000 0000001 1110111 1111111 0000001 0000001 0000001
008 0010110 0011001 0000001 0000000 0000000 0011010 0000001 1100001
016 0000000 0011011 0000001 0000000 0000000 0011100 0000001 1111111
024 0000000 0011101 0000001 0000000 0000000 0011110 0000001 0000000
032 1011100 --END--
     0  1  2  3  4  5  6  7
000 F0 00 01 77 7F 01 01 01
008 16 19 01 00 00 1A 01 61
016 00 1B 01 00 00 1C 01 7F
024 00 1D 01 00 00 1E 01 00
032 5C F7
          0       1       2       3       4       5       6       7
000 -START- 0000000 0000001 1110111 1111111 0000001 0000001 0000001
008 0010110 0010011 0000001 0000000 0000000 0010100 0000001 1100001
016 0000000 0010101 0000001 0000000 0000000 0010110 0000001 1111111
024 0000000 0010111 0000001 0000000 0000000 0011000 0000001 0000000
032 0000000 --END--
     0  1  2  3  4  5  6  7
000 F0 00 01 77 7F 01 01 01
008 16 13 01 00 00 14 01 61
016 00 15 01 00 00 16 01 7F
024 00 17 01 00 00 18 01 00
032 00 F7
          0       1       2       3       4       5       6       7
000 -START- 0000000 0000001 1110111 1111111 0000001 0000001 0000001
008 0010110 0001101 0000001 0000000 0000000 0001110 0000001 1100001
016 0000000 0001111 0000001 0000000 0000000 0010000 0000001 1111111
024 0000000 0010001 0000001 0000000 0000000 0010010 0000001 0000000
032 0100100 --END--
     0  1  2  3  4  5  6  7
000 F0 00 01 77 7F 01 01 01
008 16 0D 01 00 00 0E 01 61
016 00 0F 01 00 00 10 01 7F
024 00 11 01 00 00 12 01 00
032 24 F7
          0       1       2       3       4       5       6       7
000 -START- 0000000 0000001 1110111 1111111 0000001 0000001 0000001
008 0010110 0000111 0000001 0000000 0000000 0001000 0000001 1100001
016 0000000 0001001 0000001 0000000 0000000 0001010 0000001 1111111
024 0000000 0001011 0000001 0000000 0000000 0001100 0000001 0000000
032 1001000 --END--
     0  1  2  3  4  5  6  7
000 F0 00 01 77 7F 01 01 01
008 16 07 01 00 00 08 01 61
016 00 09 01 00 00 0A 01 7F
024 00 0B 01 00 00 0C 01 00
032 48 F7
          0       1       2       3       4       5       6       7
000 -START- 0000000 0000001 1110111 1111111 0000001 0000001 0000001
008 0010110 0000001 0000001 0000000 0000000 0000010 0000001 1010110
016 0000000 0000011 0000001 0000001 0000000 0000100 0000001 0000000
024 0000000 0000101 0000001 0000000 0000000 0000110 0000001 0000001
032 1110100 --END--
     0  1  2  3  4  5  6  7
000 F0 00 01 77 7F 01 01 01
008 16 01 01 00 00 02 01 56
016 00 03 01 01 00 04 01 00
024 00 05 01 00 00 06 01 01
032 74 F7
          0       1       2       3       4       5       6       7
000 -START- 0000000 0000001 1110111 1111111 0000001 0000001 0000001
008 0010110 1100000 0000001 0000000 0000110 --END--
     0  1  2  3  4  5  6  7
000 F0 00 01 77 7F 01 01 01
008 16 60 01 00 06 F7
          0       1       2       3       4       5       6       7
000 -START- 0000000 0000001 1110111 1111111 0000001 0000001 0000001
008 0010101 1010100 0000001 0000000 0000000 1010101 0000001 1111111
016 0000000 1010110 0000001 1111111 0000000 1010111 0000001 0000000
024 0010000 --END--
     0  1  2  3  4  5  6  7
000 F0 00 01 77 7F 01 01 01
008 15 54 01 00 00 55 01 7F
016 00 56 01 7F 00 57 01 00
024 10 F7
          0       1       2       3       4       5       6       7
000 -START- 0000000 0000001 1110111 1111111 0000001 0000001 0000001
008 0010101 1010000 0000001 0000000 0000000 1010001 0000001 1111111
016 0000000 1010010 0000001 1111111 0000000 1010011 0000001 0000000
024 0100000 --END--
     0  1  2  3  4  5  6  7
000 F0 00 01 77 7F 01 01 01
008 15 50 01 00 00 51 01 7F
016 00 52 01 7F 00 53 01 00
024 20 F7
          0       1       2       3       4       5       6       7
000 -START- 0000000 0000001 1110111 1111111 0000001 0000001 0000001
008 0010101 1001100 0000001 0000000 0000000 1001101 0000001 1111111
016 0000000 1001110 0000001 1111111 0000000 1001111 0000001 0000000
024 0110000 --END--
     0  1  2  3  4  5  6  7
000 F0 00 01 77 7F 01 01 01
008 15 4C 01 00 00 4D 01 7F
016 00 4E 01 7F 00 4F 01 00
024 30 F7
          0       1       2       3       4       5       6       7
000 -START- 0000000 0000001 1110111 1111111 0000001 0000001 0000001
008 0010101 1001000 0000001 0000000 0000000 1001001 0000001 1111111
016 0000000 1001010 0000001 1111111 0000000 1001011 0000001 0000000
024 1000000 --END--
     0  1  2  3  4  5  6  7
000 F0 00 01 77 7F 01 01 01
008 15 48 01 00 00 49 01 7F
016 00 4A 01 7F 00 4B 01 00
024 40 F7
          0       1       2       3       4       5       6       7
000 -START- 0000000 0000001 1110111 1111111 0000001 0000001 0000001
008 0010101 1000100 0000001 0000000 0000000 1000101 0000001 1111111
016 0000000 1000110 0000001 1111111 0000000 1000111 0000001 0000000
024 1010000 --END--
     0  1  2  3  4  5  6  7
000 F0 00 01 77 7F 01 01 01
008 15 44 01 00 00 45 01 7F
016 00 46 01 7F 00 47 01 00
024 50 F7
          0       1       2       3       4       5       6       7
000 -START- 0000000 0000001 1110111 1111111 0000001 0000001 0000001
008 0010101 1000000 0000001 0000000 0000000 1000001 0000001 1111111
016 0000000 1000010 0000001 1111111 0000000 1000011 0000001 0000000
024 1100000 --END--
     0  1  2  3  4  5  6  7
000 F0 00 01 77 7F 01 01 01
008 15 40 01 00 00 41 01 7F
016 00 42 01 7F 00 43 01 00
024 60 F7
          0       1       2       3       4       5       6       7
000 -START- 0000000 0000001 1110111 1111111 0000001 0000001 0000001
008 0010101 0011111 0000001 0000000 0000000 0100000 0000001 1100001
016 0000000 0100001 0000001 0000000 0000000 0100010 0000001 1111111
024 0000000 0100011 0000001 0000000 0000000 0100100 0000001 0000000
032 0111001 --END--
     0  1  2  3  4  5  6  7
000 F0 00 01 77 7F 01 01 01
008 15 1F 01 00 00 20 01 61
016 00 21 01 00 00 22 01 7F
024 00 23 01 00 00 24 01 00
032 39 F7
          0       1       2       3       4       5       6       7
000 -START- 0000000 0000001 1110111 1111111 0000001 0000001 0000001
008 0010101 0011001 0000001 0000000 0000000 0011010 0000001 1100001
016 0000000 0011011 0000001 0000000 0000000 0011100 0000001 1111111
024 0000000 0011101 0000001 0000000 0000000 0011110 0000001 0000000
032 1011101 --END--
     0  1  2  3  4  5  6  7
000 F0 00 01 77 7F 01 01 01
008 15 19 01 00 00 1A 01 61
016 00 1B 01 00 00 1C 01 7F
024 00 1D 01 00 00 1E 01 00
032 5D F7
          0       1       2       3       4       5       6       7
000 -START- 0000000 0000001 1110111 1111111 0000001 0000001 0000001
008 0010101 0010011 0000001 0000000 0000000 0010100 0000001 1100001
016 0000000 0010101 0000001 0000000 0000000 0010110 0000001 1111111
024 0000000 0010111 0000001 0000000 0000000 0011000 0000001 0000000
032 0000001 --END--
     0  1  2  3  4  5  6  7
000 F0 00 01 77 7F 01 01 01
008 15 13 01 00 00 14 01 61
016 00 15 01 00 00 16 01 7F
024 00 17 01 00 00 18 01 00
032 01 F7
          0       1       2       3       4       5       6       7
000 -START- 0000000 0000001 1110111 1111111 0000001 0000001 0000001
008 0010101 0001101 0000001 0000000 0000000 0001110 0000001 1100001
016 0000000 0001111 0000001 0000000 0000000 0010000 0000001 1111111
024 0000000 0010001 0000001 0000000 0000000 0010010 0000001 0000000
032 0100101 --END--
     0  1  2  3  4  5  6  7
000 F0 00 01 77 7F 01 01 01
008 15 0D 01 00 00 0E 01 61
016 00 0F 01 00 00 10 01 7F
024 00 11 01 00 00 12 01 00
032 25 F7
          0       1       2       3       4       5       6       7
000 -START- 0000000 0000001 1110111 1111111 0000001 0000001 0000001
008 0010101 0000111 0000001 0000000 0000000 0001000 0000001 1100001
016 0000000 0001001 0000001 0000000 0000000 0001010 0000001 1111111
024 0000000 0001011 0000001 0000000 0000000 0001100 0000001 0000000
032 1001001 --END--
     0  1  2  3  4  5  6  7
000 F0 00 01 77 7F 01 01 01
008 15 07 01 00 00 08 01 61
016 00 09 01 00 00 0A 01 7F
024 00 0B 01 00 00 0C 01 00
032 49 F7
          0       1       2       3       4       5       6       7
000 -START- 0000000 0000001 1110111 1111111 0000001 0000001 0000001
008 0010101 0000001 0000001 0000000 0000000 0000010 0000001 1100010
016 0000000 0000011 0000001 0000010 0000000 0000100 0000001 0000000
024 0000000 0000101 0000001 0000000 0000000 0000110 0000001 0000001
032 1101000 --END--
     0  1  2  3  4  5  6  7
000 F0 00 01 77 7F 01 01 01
008 15 01 01 00 00 02 01 62
016 00 03 01 02 00 04 01 00
024 00 05 01 00 00 06 01 01
032 68 F7
          0       1       2       3       4       5       6       7
000 -START- 0000000 0000001 1110111 1111111 0000001 0000001 0000001
008 0010101 1100000 0000001 0000000 0000111 --END--
     0  1  2  3  4  5  6  7
000 F0 00 01 77 7F 01 01 01
008 15 60 01 00 07 F7
          0       1       2       3       4       5       6       7
000 -START- 0000000 0000001 1110111 1111111 0000001 0000001 0000001
008 0010100 1010100 0000001 0000000 0000000 1010101 0000001 1111111
016 0000000 1010110 0000001 1111111 0000000 1010111 0000001 0000000
024 0010001 --END--
     0  1  2  3  4  5  6  7
000 F0 00 01 77 7F 01 01 01
008 14 54 01 00 00 55 01 7F
016 00 56 01 7F 00 57 01 00
024 11 F7
          0       1       2       3       4       5       6       7
000 -START- 0000000 0000001 1110111 1111111 0000001 0000001 0000001
008 0010100 1010000 0000001 0000000 0000000 1010001 0000001 1111111
016 0000000 1010010 0000001 1111111 0000000 1010011 0000001 0000000
024 0100001 --END--
     0  1  2  3  4  5  6  7
000 F0 00 01 77 7F 01 01 01
008 14 50 01 00 00 51 01 7F
016 00 52 01 7F 00 53 01 00
024 21 F7
          0       1       2       3       4       5       6       7
000 -START- 0000000 0000001 1110111 1111111 0000001 0000001 0000001
008 0010100 1001100 0000001 0000000 0000000 1001101 0000001 1111111
016 0000000 1001110 0000001 1111111 0000000 1001111 0000001 0000000
024 0110001 --END--
     0  1  2  3  4  5  6  7
000 F0 00 01 77 7F 01 01 01
008 14 4C 01 00 00 4D 01 7F
016 00 4E 01 7F 00 4F 01 00
024 31 F7
          0       1       2       3       4       5       6       7
000 -START- 0000000 0000001 1110111 1111111 0000001 0000001 0000001
008 0010100 1001000 0000001 0000000 0000000 1001001 0000001 1111111
016 0000000 1001010 0000001 1111111 0000000 1001011 0000001 0000000
024 1000001 --END--
     0  1  2  3  4  5  6  7
000 F0 00 01 77 7F 01 01 01
008 14 48 01 00 00 49 01 7F
016 00 4A 01 7F 00 4B 01 00
024 41 F7
          0       1       2       3       4       5       6       7
000 -START- 0000000 0000001 1110111 1111111 0000001 0000001 0000001
008 0010100 1000100 0000001 0000000 0000000 1000101 0000001 1111111
016 0000000 1000110 0000001 1111111 0000000 1000111 0000001 0000000
024 1010001 --END--
     0  1  2  3  4  5  6  7
000 F0 00 01 77 7F 01 01 01
008 14 44 01 00 00 45 01 7F
016 00 46 01 7F 00 47 01 00
024 51 F7
          0       1       2       3       4       5       6       7
000 -START- 0000000 0000001 1110111 1111111 0000001 0000001 0000001
008 0010100 1000000 0000001 0000000 0000000 1000001 0000001 1111111
016 0000000 1000010 0000001 1111111 0000000 1000011 0000001 0000000
024 1100001 --END--
     0  1  2  3  4  5  6  7
000 F0 00 01 77 7F 01 01 01
008 14 40 01 00 00 41 01 7F
016 00 42 01 7F 00 43 01 00
024 61 F7
          0       1       2       3       4       5       6       7
000 -START- 0000000 0000001 1110111 1111111 0000001 0000001 0000001
008 0010100 0011111 0000001 0000000 0000000 0100000 0000001 1100001
016 0000000 0100001 0000001 0000000 0000000 0100010 0000001 1111111
024 0000000 0100011 0000001 0000000 0000000 0100100 0000001 0000000
032 0111010 --END--
     0  1  2  3  4  5  6  7
000 F0 00 01 77 7F 01 01 01
008 14 1F 01 00 00 20 01 61
016 00 21 01 00 00 22 01 7F
024 00 23 01 00 00 24 01 00
032 3A F7
          0       1       2       3       4       5       6       7
000 -START- 0000000 0000001 1110111 1111111 0000001 0000001 0000001
008 0010100 0011001 0000001 0000000 0000000 0011010 0000001 1100001
016 0000000 0011011 0000001 0000000 0000000 0011100 0000001 1111111
024 0000000 0011101 0000001 0000000 0000000 0011110 0000001 0000000
032 1011110 --END--
     0  1  2  3  4  5  6  7
000 F0 00 01 77 7F 01 01 01
008 14 19 01 00 00 1A 01 61
016 00 1B 01 00 00 1C 01 7F
024 00 1D 01 00 00 1E 01 00
032 5E F7
          0       1       2       3       4       5       6       7
000 -START- 0000000 0000001 1110111 1111111 0000001 0000001 0000001
008 0010100 0010011 0000001 0000000 0000000 0010100 0000001 1100001
016 0000000 0010101 0000001 0000000 0000000 0010110 0000001 1111111
024 0000000 0010111 0000001 0000000 0000000 0011000 0000001 0000000
032 0000010 --END--
     0  1  2  3  4  5  6  7
000 F0 00 01 77 7F 01 01 01
008 14 13 01 00 00 14 01 61
016 00 15 01 00 00 16 01 7F
024 00 17 01 00 00 18 01 00
032 02 F7
          0       1       2       3       4       5       6       7
000 -START- 0000000 0000001 1110111 1111111 0000001 0000001 0000001
008 0010100 0001101 0000001 0000000 0000000 0001110 0000001 1100001
016 0000000 0001111 0000001 0000000 0000000 0010000 0000001 1111111
024 0000000 0010001 0000001 0000000 0000000 0010010 0000001 0000000
032 0100110 --END--
     0  1  2  3  4  5  6  7
000 F0 00 01 77 7F 01 01 01
008 14 0D 01 00 00 0E 01 61
016 00 0F 01 00 00 10 01 7F
024 00 11 01 00 00 12 01 00
032 26 F7
          0       1       2       3       4       5       6       7
000 -START- 0000000 0000001 1110111 1111111 0000001 0000001 0000001
008 0010100 0000111 0000001 0000000 0000000 0001000 0000001 1100001
016 0000000 0001001 0000001 0000000 0000000 0001010 0000001 1111111
024 0000000 0001011 0000001 0000000 0000000 0001100 0000001 0000000
032 1001010 --END--
     0  1  2  3  4  5  6  7
000 F0 00 01 77 7F 01 01 01
008 14 07 01 00 00 08 01 61
016 00 09 01 00 00 0A 01 7F
024 00 0B 01 00 00 0C 01 00
032 4A F7
          0       1       2       3       4       5       6       7
000 -START- 0000000 0000001 1110111 1111111 0000001 0000001 0000001
008 0010100 0000001 0000001 0000000 0000000 0000010 0000001 1100010
016 0000000 0000011 0000001 0000001 0000000 0000100 0000001 0000000
024 0000000 0000101 0000001 0000000 0000000 0000110 0000001 0000001
032 1101010 --END--
     0  1  2  3  4  5  6  7
000 F0 00 01 77 7F 01 01 01
008 14 01 01 00 00 02 01 62
016 00 03 01 01 00 04 01 00
024 00 05 01 00 00 06 01 01
032 6A F7
          0       1       2       3       4       5       6       7
000 -START- 0000000 0000001 1110111 1111111 0000001 0000001 0000001
008 0010100 1100000 0000001 0000000 0001000 --END--
     0  1  2  3  4  5  6  7
000 F0 00 01 77 7F 01 01 01
008 14 60 01 00 08 F7
          0       1       2       3       4       5       6       7
000 -START- 0000000 0000001 1110111 1111111 0000001 0000001 0000001
008 0010010 1010100 0000001 0000000 0000000 1010101 0000001 1111111
016 0000000 1010110 0000001 1111111 0000000 1010111 0000001 0000000
024 0010011 --END--
     0  1  2  3  4  5  6  7
000 F0 00 01 77 7F 01 01 01
008 12 54 01 00 00 55 01 7F
016 00 56 01 7F 00 57 01 00
024 13 F7
          0       1       2       3       4       5       6       7
000 -START- 0000000 0000001 1110111 1111111 0000001 0000001 0000001
008 0010010 1010000 0000001 0000000 0000000 1010001 0000001 1111111
016 0000000 1010010 0000001 1111111 0000000 1010011 0000001 0000000
024 0100011 --END--
     0  1  2  3  4  5  6  7
000 F0 00 01 77 7F 01 01 01
008 12 50 01 00 00 51 01 7F
016 00 52 01 7F 00 53 01 00
024 23 F7
          0       1       2       3       4       5       6       7
000 -START- 0000000 0000001 1110111 1111111 0000001 0000001 0000001
008 0010010 1001100 0000001 0000000 0000000 1001101 0000001 1111111
016 0000000 1001110 0000001 1111111 0000000 1001111 0000001 0000000
024 0110011 --END--
     0  1  2  3  4  5  6  7
000 F0 00 01 77 7F 01 01 01
008 12 4C 01 00 00 4D 01 7F
016 00 4E 01 7F 00 4F 01 00
024 33 F7
          0       1       2       3       4       5       6       7
000 -START- 0000000 0000001 1110111 1111111 0000001 0000001 0000001
008 0010010 1001000 0000001 0000000 0000000 1001001 0000001 1111111
016 0000000 1001010 0000001 1111111 0000000 1001011 0000001 0000000
024 1000011 --END--
     0  1  2  3  4  5  6  7
000 F0 00 01 77 7F 01 01 01
008 12 48 01 00 00 49 01 7F
016 00 4A 01 7F 00 4B 01 00
024 43 F7
          0       1       2       3       4       5       6       7
000 -START- 0000000 0000001 1110111 1111111 0000001 0000001 0000001
008 0010010 1000100 0000001 0000000 0000000 1000101 0000001 1111111
016 0000000 1000110 0000001 1111111 0000000 1000111 0000001 0000000
024 1010011 --END--
     0  1  2  3  4  5  6  7
000 F0 00 01 77 7F 01 01 01
008 12 44 01 00 00 45 01 7F
016 00 46 01 7F 00 47 01 00
024 53 F7
          0       1       2       3       4       5       6       7
000 -START- 0000000 0000001 1110111 1111111 0000001 0000001 0000001
008 0010010 1000000 0000001 0000000 0000000 1000001 0000001 1111111
016 0000000 1000010 0000001 1111111 0000000 1000011 0000001 0000000
024 1100011 --END--
     0  1  2  3  4  5  6  7
000 F0 00 01 77 7F 01 01 01
008 12 40 01 00 00 41 01 7F
016 00 42 01 7F 00 43 01 00
024 63 F7
          0       1       2       3       4       5       6       7
000 -START- 0000000 0000001 1110111 1111111 0000001 0000001 0000001
008 0010010 0011111 0000001 0000000 0000000 0100000 0000001 1100001
016 0000000 0100001 0000001 0000000 0000000 0100010 0000001 0000000
024 0000000 0100011 0000001 0000000 0000000 0100100 0000001 0000000
032 0111011 --END--
     0  1  2  3  4  5  6  7
000 F0 00 01 77 7F 01 01 01
008 12 1F 01 00 00 20 01 61
016 00 21 01 00 00 22 01 00
024 00 23 01 00 00 24 01 00
032 3B F7
          0       1       2       3       4       5       6       7
000 -START- 0000000 0000001 1110111 1111111 0000001 0000001 0000001
008 0010010 0011001 0000001 0000000 0000000 0011010 0000001 1100001
016 0000000 0011011 0000001 0000000 0000000 0011100 0000001 0000000
024 0000000 0011101 0000001 0000000 0000000 0011110 0000001 0000000
032 1011111 --END--
     0  1  2  3  4  5  6  7
000 F0 00 01 77 7F 01 01 01
008 12 19 01 00 00 1A 01 61
016 00 1B 01 00 00 1C 01 00
024 00 1D 01 00 00 1E 01 00
032 5F F7
          0       1       2       3       4       5       6       7
000 -START- 0000000 0000001 1110111 1111111 0000001 0000001 0000001
008 0010010 0010011 0000001 0000000 0000000 0010100 0000001 1100001
016 0000000 0010101 0000001 0000000 0000000 0010110 0000001 0000000
024 0000000 0010111 0000001 0000000 0000000 0011000 0000001 0000000
032 0000011 --END--
     0  1  2  3  4  5  6  7
000 F0 00 01 77 7F 01 01 01
008 12 13 01 00 00 14 01 61
016 00 15 01 00 00 16 01 00
024 00 17 01 00 00 18 01 00
032 03 F7
          0       1       2       3       4       5       6       7
000 -START- 0000000 0000001 1110111 1111111 0000001 0000001 0000001
008 0010010 0001101 0000001 0000000 0000000 0001110 0000001 1100001
016 0000000 0001111 0000001 0000000 0000000 0010000 0000001 0000000
024 0000000 0010001 0000001 0000000 0000000 0010010 0000001 0000000
032 0100111 --END--
     0  1  2  3  4  5  6  7
000 F0 00 01 77 7F 01 01 01
008 12 0D 01 00 00 0E 01 61
016 00 0F 01 00 00 10 01 00
024 00 11 01 00 00 12 01 00
032 27 F7
          0       1       2       3       4       5       6       7
000 -START- 0000000 0000001 1110111 1111111 0000001 0000001 0000001
008 0010010 0000111 0000001 0000000 0000000 0001000 0000001 1100001
016 0000000 0001001 0000001 0000000 0000000 0001010 0000001 0000000
024 0000000 0001011 0000001 0000000 0000000 0001100 0000001 0000000
032 1001011 --END--
     0  1  2  3  4  5  6  7
000 F0 00 01 77 7F 01 01 01
008 12 07 01 00 00 08 01 61
016 00 09 01 00 00 0A 01 00
024 00 0B 01 00 00 0C 01 00
032 4B F7
          0       1       2       3       4       5       6       7
000 -START- 0000000 0000001 1110111 1111111 0000001 0000001 0000001
008 0010010 0000001 0000001 0000000 0000000 0000010 0000001 1000101
016 0000000 0000011 0000001 0000101 0000000 0000100 0000001 0000000
024 0000000 0000101 0000001 0000000 0000000 0000110 0000001 0000001
032 0000101 --END--
     0  1  2  3  4  5  6  7
000 F0 00 01 77 7F 01 01 01
008 12 01 01 00 00 02 01 45
016 00 03 01 05 00 04 01 00
024 00 05 01 00 00 06 01 01
032 05 F7
          0       1       2       3       4       5       6       7
000 -START- 0000000 0000001 1110111 1111111 0000001 0000001 0000001
008 0010010 1100000 0000001 0000000 0001010 --END--
     0  1  2  3  4  5  6  7
000 F0 00 01 77 7F 01 01 01
008 12 60 01 00 0A F7
          0       1       2       3       4       5       6       7
000 -START- 0000000 0000001 1110111 1111111 0000001 0000001 0000001
008 0010001 1010100 0000001 0000000 0000000 1010101 0000001 1111111
016 0000000 1010110 0000001 1111111 0000000 1010111 0000001 0000000
024 0010100 --END--
     0  1  2  3  4  5  6  7
000 F0 00 01 77 7F 01 01 01
008 11 54 01 00 00 55 01 7F
016 00 56 01 7F 00 57 01 00
024 14 F7
          0       1       2       3       4       5       6       7
000 -START- 0000000 0000001 1110111 1111111 0000001 0000001 0000001
008 0010001 1010000 0000001 0000000 0000000 1010001 0000001 1111111
016 0000000 1010010 0000001 1111111 0000000 1010011 0000001 0000000
024 0100100 --END--
     0  1  2  3  4  5  6  7
000 F0 00 01 77 7F 01 01 01
008 11 50 01 00 00 51 01 7F
016 00 52 01 7F 00 53 01 00
024 24 F7
          0       1       2       3       4       5       6       7
000 -START- 0000000 0000001 1110111 1111111 0000001 0000001 0000001
008 0010001 1001100 0000001 0000000 0000000 1001101 0000001 1111111
016 0000000 1001110 0000001 1111111 0000000 1001111 0000001 0000000
024 0110100 --END--
     0  1  2  3  4  5  6  7
000 F0 00 01 77 7F 01 01 01
008 11 4C 01 00 00 4D 01 7F
016 00 4E 01 7F 00 4F 01 00
024 34 F7
          0       1       2       3       4       5       6       7
000 -START- 0000000 0000001 1110111 1111111 0000001 0000001 0000001
008 0010001 1001000 0000001 0000000 0000000 1001001 0000001 1111111
016 0000000 1001010 0000001 1111111 0000000 1001011 0000001 0000000
024 1000100 --END--
     0  1  2  3  4  5  6  7
000 F0 00 01 77 7F 01 01 01
008 11 48 01 00 00 49 01 7F
016 00 4A 01 7F 00 4B 01 00
024 44 F7
          0       1       2       3       4       5       6       7
000 -START- 0000000 0000001 1110111 1111111 0000001 0000001 0000001
008 0010001 1000100 0000001 0000000 0000000 1000101 0000001 1111111
016 0000000 1000110 0000001 1111111 0000000 1000111 0000001 0000000
024 1010100 --END--
     0  1  2  3  4  5  6  7
000 F0 00 01 77 7F 01 01 01
008 11 44 01 00 00 45 01 7F
016 00 46 01 7F 00 47 01 00
024 54 F7
          0       1       2       3       4       5       6       7
000 -START- 0000000 0000001 1110111 1111111 0000001 0000001 0000001
008 0010001 1000000 0000001 0000000 0000000 1000001 0000001 1111111
016 0000000 1000010 0000001 1111111 0000000 1000011 0000001 0000000
024 1100100 --END--
     0  1  2  3  4  5  6  7
000 F0 00 01 77 7F 01 01 01
008 11 40 01 00 00 41 01 7F
016 00 42 01 7F 00 43 01 00
024 64 F7
          0       1       2       3       4       5       6       7
000 -START- 0000000 0000001 1110111 1111111 0000001 0000001 0000001
008 0010001 0011111 0000001 0000000 0000000 0100000 0000001 1100001
016 0000000 0100001 0000001 0000000 0000000 0100010 0000001 0000000
024 0000000 0100011 0000001 0000000 0000000 0100100 0000001 0000000
032 0111100 --END--
     0  1  2  3  4  5  6  7
000 F0 00 01 77 7F 01 01 01
008 11 1F 01 00 00 20 01 61
016 00 21 01 00 00 22 01 00
024 00 23 01 00 00 24 01 00
032 3C F7
          0       1       2       3       4       5       6       7
000 -START- 0000000 0000001 1110111 1111111 0000001 0000001 0000001
008 0010001 0011001 0000001 0000000 0000000 0011010 0000001 1100001
016 0000000 0011011 0000001 0000000 0000000 0011100 0000001 0000000
024 0000000 0011101 0000001 0000000 0000000 0011110 0000001 0000000
032 1100000 --END--
     0  1  2  3  4  5  6  7
000 F0 00 01 77 7F 01 01 01
008 11 19 01 00 00 1A 01 61
016 00 1B 01 00 00 1C 01 00
024 00 1D 01 00 00 1E 01 00
032 60 F7
          0       1       2       3       4       5       6       7
000 -START- 0000000 0000001 1110111 1111111 0000001 0000001 0000001
008 0010001 0010011 0000001 0000000 0000000 0010100 0000001 1100001
016 0000000 0010101 0000001 0000000 0000000 0010110 0000001 0000000
024 0000000 0010111 0000001 0000000 0000000 0011000 0000001 0000000
032 0000100 --END--
     0  1  2  3  4  5  6  7
000 F0 00 01 77 7F 01 01 01
008 11 13 01 00 00 14 01 61
016 00 15 01 00 00 16 01 00
024 00 17 01 00 00 18 01 00
032 04 F7
          0       1       2       3       4       5       6       7
000 -START- 0000000 0000001 1110111 1111111 0000001 0000001 0000001
008 0010001 0001101 0000001 0000000 0000000 0001110 0000001 1100001
016 0000000 0001111 0000001 0000000 0000000 0010000 0000001 0000000
024 0000000 0010001 0000001 0000000 0000000 0010010 0000001 0000000
032 0101000 --END--
     0  1  2  3  4  5  6  7
000 F0 00 01 77 7F 01 01 01
008 11 0D 01 00 00 0E 01 61
016 00 0F 01 00 00 10 01 00
024 00 11 01 00 00 12 01 00
032 28 F7
          0       1       2       3       4       5       6       7
000 -START- 0000000 0000001 1110111 1111111 0000001 0000001 0000001
008 0010001 0000111 0000001 0000000 0000000 0001000 0000001 1100001
016 0000000 0001001 0000001 0000000 0000000 0001010 0000001 0000000
024 0000000 0001011 0000001 0000000 0000000 0001100 0000001 0000000
032 1001100 --END--
     0  1  2  3  4  5  6  7
000 F0 00 01 77 7F 01 01 01
008 11 07 01 00 00 08 01 61
016 00 09 01 00 00 0A 01 00
024 00 0B 01 00 00 0C 01 00
032 4C F7
          0       1       2       3       4       5       6       7
000 -START- 0000000 0000001 1110111 1111111 0000001 0000001 0000001
008 0010001 0000001 0000001 0000000 0000000 0000010 0000001 1000101
016 0000000 0000011 0000001 0000100 0000000 0000100 0000001 0000000
024 0000000 0000101 0000001 0000000 0000000 0000110 0000001 0000001
032 0000111 --END--
     0  1  2  3  4  5  6  7
000 F0 00 01 77 7F 01 01 01
008 11 01 01 00 00 02 01 45
016 00 03 01 04 00 04 01 00
024 00 05 01 00 00 06 01 01
032 07 F7
          0       1       2       3       4       5       6       7
000 -START- 0000000 0000001 1110111 1111111 0000001 0000001 0000001
008 0010001 1100000 0000001 0000000 0001011 --END--
     0  1  2  3  4  5  6  7
000 F0 00 01 77 7F 01 01 01
008 11 60 01 00 0B F7
          0       1       2       3       4       5       6       7
000 -START- 0000000 0000001 1110111 1111111 0000001 0000001 0000001
008 0010000 1010100 0000001 0000000 0000000 1010101 0000001 1111111
016 0000000 1010110 0000001 1111111 0000000 1010111 0000001 0000000
024 0010101 --END--
     0  1  2  3  4  5  6  7
000 F0 00 01 77 7F 01 01 01
008 10 54 01 00 00 55 01 7F
016 00 56 01 7F 00 57 01 00
024 15 F7
          0       1       2       3       4       5       6       7
000 -START- 0000000 0000001 1110111 1111111 0000001 0000001 0000001
008 0010000 1010000 0000001 0000000 0000000 1010001 0000001 1111111
016 0000000 1010010 0000001 1111111 0000000 1010011 0000001 0000000
024 0100101 --END--
     0  1  2  3  4  5  6  7
000 F0 00 01 77 7F 01 01 01
008 10 50 01 00 00 51 01 7F
016 00 52 01 7F 00 53 01 00
024 25 F7
          0       1       2       3       4       5       6       7
000 -START- 0000000 0000001 1110111 1111111 0000001 0000001 0000001
008 0010000 1001100 0000001 0000000 0000000 1001101 0000001 1111111
016 0000000 1001110 0000001 1111111 0000000 1001111 0000001 0000000
024 0110101 --END--
     0  1  2  3  4  5  6  7
000 F0 00 01 77 7F 01 01 01
008 10 4C 01 00 00 4D 01 7F
016 00 4E 01 7F 00 4F 01 00
024 35 F7
          0       1       2       3       4       5       6       7
000 -START- 0000000 0000001 1110111 1111111 0000001 0000001 0000001
008 0010000 1001000 0000001 0000000 0000000 1001001 0000001 1111111
016 0000000 1001010 0000001 1111111 0000000 1001011 0000001 0000000
024 1000101 --END--
     0  1  2  3  4  5  6  7
000 F0 00 01 77 7F 01 01 01
008 10 48 01 00 00 49 01 7F
016 00 4A 01 7F 00 4B 01 00
024 45 F7
          0       1       2       3       4       5       6       7
000 -START- 0000000 0000001 1110111 1111111 0000001 0000001 0000001
008 0010000 1000100 0000001 0000000 0000000 1000101 0000001 1111111
016 0000000 1000110 0000001 1111111 0000000 1000111 0000001 0000000
024 1010101 --END--
     0  1  2  3  4  5  6  7
000 F0 00 01 77 7F 01 01 01
008 10 44 01 00 00 45 01 7F
016 00 46 01 7F 00 47 01 00
024 55 F7
          0       1       2       3       4       5       6       7
000 -START- 0000000 0000001 1110111 1111111 0000001 0000001 0000001
008 0010000 1000000 0000001 0000000 0000000 1000001 0000001 1111111
016 0000000 1000010 0000001 1111111 0000000 1000011 0000001 0000000
024 1100101 --END--
     0  1  2  3  4  5  6  7
000 F0 00 01 77 7F 01 01 01
008 10 40 01 00 00 41 01 7F
016 00 42 01 7F 00 43 01 00
024 65 F7
          0       1       2       3       4       5       6       7
000 -START- 0000000 0000001 1110111 1111111 0000001 0000001 0000001
008 0010000 0011111 0000001 0000000 0000000 0100000 0000001 1100001
016 0000000 0100001 0000001 0000000 0000000 0100010 0000001 0000000
024 0000000 0100011 0000001 0000000 0000000 0100100 0000001 0000000
032 0111101 --END--
     0  1  2  3  4  5  6  7
000 F0 00 01 77 7F 01 01 01
008 10 1F 01 00 00 20 01 61
016 00 21 01 00 00 22 01 00
024 00 23 01 00 00 24 01 00
032 3D F7
          0       1       2       3       4       5       6       7
000 -START- 0000000 0000001 1110111 1111111 0000001 0000001 0000001
008 0010000 0011001 0000001 0000000 0000000 0011010 0000001 1100001
016 0000000 0011011 0000001 0000000 0000000 0011100 0000001 0000000
024 0000000 0011101 0000001 0000000 0000000 0011110 0000001 0000000
032 1100001 --END--
     0  1  2  3  4  5  6  7
000 F0 00 01 77 7F 01 01 01
008 10 19 01 00 00 1A 01 61
016 00 1B 01 00 00 1C 01 00
024 00 1D 01 00 00 1E 01 00
032 61 F7
          0       1       2       3       4       5       6       7
000 -START- 0000000 0000001 1110111 1111111 0000001 0000001 0000001
008 0010000 0010011 0000001 0000000 0000000 0010100 0000001 1100001
016 0000000 0010101 0000001 0000000 0000000 0010110 0000001 0000000
024 0000000 0010111 0000001 0000000 0000000 0011000 0000001 0000000
032 0000101 --END--
     0  1  2  3  4  5  6  7
000 F0 00 01 77 7F 01 01 01
008 10 13 01 00 00 14 01 61
016 00 15 01 00 00 16 01 00
024 00 17 01 00 00 18 01 00
032 05 F7
          0       1       2       3       4       5       6       7
000 -START- 0000000 0000001 1110111 1111111 0000001 0000001 0000001
008 0010000 0001101 0000001 0000000 0000000 0001110 0000001 1100001
016 0000000 0001111 0000001 0000000 0000000 0010000 0000001 0000000
024 0000000 0010001 0000001 0000000 0000000 0010010 0000001 0000000
032 0101001 --END--
     0  1  2  3  4  5  6  7
000 F0 00 01 77 7F 01 01 01
008 10 0D 01 00 00 0E 01 61
016 00 0F 01 00 00 10 01 00
024 00 11 01 00 00 12 01 00
032 29 F7
          0       1       2       3       4       5       6       7
000 -START- 0000000 0000001 1110111 1111111 0000001 0000001 0000001
008 0010000 0000111 0000001 0000000 0000000 0001000 0000001 1100001
016 0000000 0001001 0000001 0000000 0000000 0001010 0000001 0000000
024 0000000 0001011 0000001 0000000 0000000 0001100 0000001 0000000
032 1001101 --END--
     0  1  2  3  4  5  6  7
000 F0 00 01 77 7F 01 01 01
008 10 07 01 00 00 08 01 61
016 00 09 01 00 00 0A 01 00
024 00 0B 01 00 00 0C 01 00
032 4D F7
          0       1       2       3       4       5       6       7
000 -START- 0000000 0000001 1110111 1111111 0000001 0000001 0000001
008 0010000 0000001 0000001 0000000 0000000 0000010 0000001 1000101
016 0000000 0000011 0000001 0000011 0000000 0000100 0000001 0000000
024 0000000 0000101 0000001 0000000 0000000 0000110 0000001 0000001
032 0001001 --END--
     0  1  2  3  4  5  6  7
000 F0 00 01 77 7F 01 01 01
008 10 01 01 00 00 02 01 45
016 00 03 01 03 00 04 01 00
024 00 05 01 00 00 06 01 01
032 09 F7
          0       1       2       3       4       5       6       7
000 -START- 0000000 0000001 1110111 1111111 0000001 0000001 0000001
008 0010000 1100000 0000001 0000000 0001100 --END--
     0  1  2  3  4  5  6  7
000 F0 00 01 77 7F 01 01 01
008 10 60 01 00 0C F7
          0       1       2       3       4       5       6       7
000 -START- 0000000 0000001 1110111 1111111 0000001 0000001 0000001
008 0001111 1010100 0000001 0000000 0000000 1010101 0000001 1111111
016 0000000 1010110 0000001 1111111 0000000 1010111 0000001 0000000
024 0010110 --END--
     0  1  2  3  4  5  6  7
000 F0 00 01 77 7F 01 01 01
008 0F 54 01 00 00 55 01 7F
016 00 56 01 7F 00 57 01 00
024 16 F7
          0       1       2       3       4       5       6       7
000 -START- 0000000 0000001 1110111 1111111 0000001 0000001 0000001
008 0001111 1010000 0000001 0000000 0000000 1010001 0000001 1111111
016 0000000 1010010 0000001 1111111 0000000 1010011 0000001 0000000
024 0100110 --END--
     0  1  2  3  4  5  6  7
000 F0 00 01 77 7F 01 01 01
008 0F 50 01 00 00 51 01 7F
016 00 52 01 7F 00 53 01 00
024 26 F7
          0       1       2       3       4       5       6       7
000 -START- 0000000 0000001 1110111 1111111 0000001 0000001 0000001
008 0001111 1001100 0000001 0000000 0000000 1001101 0000001 1111111
016 0000000 1001110 0000001 1111111 0000000 1001111 0000001 0000000
024 0110110 --END--
     0  1  2  3  4  5  6  7
000 F0 00 01 77 7F 01 01 01
008 0F 4C 01 00 00 4D 01 7F
016 00 4E 01 7F 00 4F 01 00
024 36 F7
          0       1       2       3       4       5       6       7
000 -START- 0000000 0000001 1110111 1111111 0000001 0000001 0000001
008 0001111 1001000 0000001 0000000 0000000 1001001 0000001 1111111
016 0000000 1001010 0000001 1111111 0000000 1001011 0000001 0000000
024 1000110 --END--
     0  1  2  3  4  5  6  7
000 F0 00 01 77 7F 01 01 01
008 0F 48 01 00 00 49 01 7F
016 00 4A 01 7F 00 4B 01 00
024 46 F7
          0       1       2       3       4       5       6       7
000 -START- 0000000 0000001 1110111 1111111 0000001 0000001 0000001
008 0001111 1000100 0000001 0000000 0000000 1000101 0000001 1111111
016 0000000 1000110 0000001 1111111 0000000 1000111 0000001 0000000
024 1010110 --END--
     0  1  2  3  4  5  6  7
000 F0 00 01 77 7F 01 01 01
008 0F 44 01 00 00 45 01 7F
016 00 46 01 7F 00 47 01 00
024 56 F7
          0       1       2       3       4       5       6       7
000 -START- 0000000 0000001 1110111 1111111 0000001 0000001 0000001
008 0001111 1000000 0000001 0000000 0000000 1000001 0000001 1111111
016 0000000 1000010 0000001 1111111 0000000 1000011 0000001 0000000
024 1100110 --END--
     0  1  2  3  4  5  6  7
000 F0 00 01 77 7F 01 01 01
008 0F 40 01 00 00 41 01 7F
016 00 42 01 7F 00 43 01 00
024 66 F7
          0       1       2       3       4       5       6       7
000 -START- 0000000 0000001 1110111 1111111 0000001 0000001 0000001
008 0001111 0011111 0000001 0000000 0000000 0100000 0000001 1100001
016 0000000 0100001 0000001 0000000 0000000 0100010 0000001 0000000
024 0000000 0100011 0000001 0000000 0000000 0100100 0000001 0000000
032 0111110 --END--
     0  1  2  3  4  5  6  7
000 F0 00 01 77 7F 01 01 01
008 0F 1F 01 00 00 20 01 61
016 00 21 01 00 00 22 01 00
024 00 23 01 00 00 24 01 00
032 3E F7
          0       1       2       3       4       5       6       7
000 -START- 0000000 0000001 1110111 1111111 0000001 0000001 0000001
008 0001111 0011001 0000001 0000000 0000000 0011010 0000001 1100001
016 0000000 0011011 0000001 0000000 0000000 0011100 0000001 0000000
024 0000000 0011101 0000001 0000000 0000000 0011110 0000001 0000000
032 1100010 --END--
     0  1  2  3  4  5  6  7
000 F0 00 01 77 7F 01 01 01
008 0F 19 01 00 00 1A 01 61
016 00 1B 01 00 00 1C 01 00
024 00 1D 01 00 00 1E 01 00
032 62 F7
          0       1       2       3       4       5       6       7
000 -START- 0000000 0000001 1110111 1111111 0000001 0000001 0000001
008 0001111 0010011 0000001 0000000 0000000 0010100 0000001 1100001
016 0000000 0010101 0000001 0000000 0000000 0010110 0000001 0000000
024 0000000 0010111 0000001 0000000 0000000 0011000 0000001 0000000
032 0000110 --END--
     0  1  2  3  4  5  6  7
000 F0 00 01 77 7F 01 01 01
008 0F 13 01 00 00 14 01 61
016 00 15 01 00 00 16 01 00
024 00 17 01 00 00 18 01 00
032 06 F7
          0       1       2       3       4       5       6       7
000 -START- 0000000 0000001 1110111 1111111 0000001 0000001 0000001
008 0001111 0001101 0000001 0000000 0000000 0001110 0000001 1100001
016 0000000 0001111 0000001 0000000 0000000 0010000 0000001 0000000
024 0000000 0010001 0000001 0000000 0000000 0010010 0000001 0000000
032 0101010 --END--
     0  1  2  3  4  5  6  7
000 F0 00 01 77 7F 01 01 01
008 0F 0D 01 00 00 0E 01 61
016 00 0F 01 00 00 10 01 00
024 00 11 01 00 00 12 01 00
032 2A F7
          0       1       2       3       4       5       6       7
000 -START- 0000000 0000001 1110111 1111111 0000001 0000001 0000001
008 0001111 0000111 0000001 0000000 0000000 0001000 0000001 1100001
016 0000000 0001001 0000001 0000000 0000000 0001010 0000001 0000000
024 0000000 0001011 0000001 0000000 0000000 0001100 0000001 0000000
032 1001110 --END--
     0  1  2  3  4  5  6  7
000 F0 00 01 77 7F 01 01 01
008 0F 07 01 00 00 08 01 61
016 00 09 01 00 00 0A 01 00
024 00 0B 01 00 00 0C 01 00
032 4E F7
          0       1       2       3       4       5       6       7
000 -START- 0000000 0000001 1110111 1111111 0000001 0000001 0000001
008 0001111 0000001 0000001 0000000 0000000 0000010 0000001 1000101
016 0000000 0000011 0000001 0000010 0000000 0000100 0000001 0000000
024 0000000 0000101 0000001 0000000 0000000 0000110 0000001 0000001
032 0001011 --END--
     0  1  2  3  4  5  6  7
000 F0 00 01 77 7F 01 01 01
008 0F 01 01 00 00 02 01 45
016 00 03 01 02 00 04 01 00
024 00 05 01 00 00 06 01 01
032 0B F7
          0       1       2       3       4       5       6       7
000 -START- 0000000 0000001 1110111 1111111 0000001 0000001 0000001
008 0001111 1100000 0000001 0000000 0001101 --END--
     0  1  2  3  4  5  6  7
000 F0 00 01 77 7F 01 01 01
008 0F 60 01 00 0D F7
          0       1       2       3       4       5       6       7
000 -START- 0000000 0000001 1110111 1111111 0000001 0000001 0000001
008 0001110 1010100 0000001 0000000 0000000 1010101 0000001 1111111
016 0000000 1010110 0000001 1111111 0000000 1010111 0000001 0000000
024 0010111 --END--
     0  1  2  3  4  5  6  7
000 F0 00 01 77 7F 01 01 01
008 0E 54 01 00 00 55 01 7F
016 00 56 01 7F 00 57 01 00
024 17 F7
          0       1       2       3       4       5       6       7
000 -START- 0000000 0000001 1110111 1111111 0000001 0000001 0000001
008 0001110 1010000 0000001 0000000 0000000 1010001 0000001 1111111
016 0000000 1010010 0000001 1111111 0000000 1010011 0000001 0000000
024 0100111 --END--
     0  1  2  3  4  5  6  7
000 F0 00 01 77 7F 01 01 01
008 0E 50 01 00 00 51 01 7F
016 00 52 01 7F 00 53 01 00
024 27 F7
          0       1       2       3       4       5       6       7
000 -START- 0000000 0000001 1110111 1111111 0000001 0000001 0000001
008 0001110 1001100 0000001 0000000 0000000 1001101 0000001 1111111
016 0000000 1001110 0000001 1111111 0000000 1001111 0000001 0000000
024 0110111 --END--
     0  1  2  3  4  5  6  7
000 F0 00 01 77 7F 01 01 01
008 0E 4C 01 00 00 4D 01 7F
016 00 4E 01 7F 00 4F 01 00
024 37 F7
          0       1       2       3       4       5       6       7
000 -START- 0000000 0000001 1110111 1111111 0000001 0000001 0000001
008 0001110 1001000 0000001 0000000 0000000 1001001 0000001 1111111
016 0000000 1001010 0000001 1111111 0000000 1001011 0000001 0000000
024 1000111 --END--
     0  1  2  3  4  5  6  7
000 F0 00 01 77 7F 01 01 01
008 0E 48 01 00 00 49 01 7F
016 00 4A 01 7F 00 4B 01 00
024 47 F7
          0       1       2       3       4       5       6       7
000 -START- 0000000 0000001 1110111 1111111 0000001 0000001 0000001
008 0001110 1000100 0000001 0000000 0000000 1000101 0000001 1111111
016 0000000 1000110 0000001 1111111 0000000 1000111 0000001 0000000
024 1010111 --END--
     0  1  2  3  4  5  6  7
000 F0 00 01 77 7F 01 01 01
008 0E 44 01 00 00 45 01 7F
016 00 46 01 7F 00 47 01 00
024 57 F7
          0       1       2       3       4       5       6       7
000 -START- 0000000 0000001 1110111 1111111 0000001 0000001 0000001
008 0001110 1000000 0000001 0000000 0000000 1000001 0000001 1111111
016 0000000 1000010 0000001 1111111 0000000 1000011 0000001 0000000
024 1100111 --END--
     0  1  2  3  4  5  6  7
000 F0 00 01 77 7F 01 01 01
008 0E 40 01 00 00 41 01 7F
016 00 42 01 7F 00 43 01 00
024 67 F7
          0       1       2       3       4       5       6       7
000 -START- 0000000 0000001 1110111 1111111 0000001 0000001 0000001
008 0001110 0011111 0000001 0000000 0000000 0100000 0000001 1100001
016 0000000 0100001 0000001 0000000 0000000 0100010 0000001 0000000
024 0000000 0100011 0000001 0000000 0000000 0100100 0000001 0000000
032 0111111 --END--
     0  1  2  3  4  5  6  7
000 F0 00 01 77 7F 01 01 01
008 0E 1F 01 00 00 20 01 61
016 00 21 01 00 00 22 01 00
024 00 23 01 00 00 24 01 00
032 3F F7
          0       1       2       3       4       5       6       7
000 -START- 0000000 0000001 1110111 1111111 0000001 0000001 0000001
008 0001110 0011001 0000001 0000000 0000000 0011010 0000001 1100001
016 0000000 0011011 0000001 0000000 0000000 0011100 0000001 0000000
024 0000000 0011101 0000001 0000000 0000000 0011110 0000001 0000000
032 1100011 --END--
     0  1  2  3  4  5  6  7
000 F0 00 01 77 7F 01 01 01
008 0E 19 01 00 00 1A 01 61
016 00 1B 01 00 00 1C 01 00
024 00 1D 01 00 00 1E 01 00
032 63 F7
          0       1       2       3       4       5       6       7
000 -START- 0000000 0000001 1110111 1111111 0000001 0000001 0000001
008 0001110 0010011 0000001 0000000 0000000 0010100 0000001 1100001
016 0000000 0010101 0000001 0000000 0000000 0010110 0000001 0000000
024 0000000 0010111 0000001 0000000 0000000 0011000 0000001 0000000
032 0000111 --END--
     0  1  2  3  4  5  6  7
000 F0 00 01 77 7F 01 01 01
008 0E 13 01 00 00 14 01 61
016 00 15 01 00 00 16 01 00
024 00 17 01 00 00 18 01 00
032 07 F7
          0       1       2       3       4       5       6       7
000 -START- 0000000 0000001 1110111 1111111 0000001 0000001 0000001
008 0001110 0001101 0000001 0000000 0000000 0001110 0000001 1100001
016 0000000 0001111 0000001 0000000 0000000 0010000 0000001 0000000
024 0000000 0010001 0000001 0000000 0000000 0010010 0000001 0000000
032 0101011 --END--
     0  1  2  3  4  5  6  7
000 F0 00 01 77 7F 01 01 01
008 0E 0D 01 00 00 0E 01 61
016 00 0F 01 00 00 10 01 00
024 00 11 01 00 00 12 01 00
032 2B F7
          0       1       2       3       4       5       6       7
000 -START- 0000000 0000001 1110111 1111111 0000001 0000001 0000001
008 0001110 0000111 0000001 0000000 0000000 0001000 0000001 1100001
016 0000000 0001001 0000001 0000000 0000000 0001010 0000001 0000000
024 0000000 0001011 0000001 0000000 0000000 0001100 0000001 0000000
032 1001111 --END--
     0  1  2  3  4  5  6  7
000 F0 00 01 77 7F 01 01 01
008 0E 07 01 00 00 08 01 61
016 00 09 01 00 00 0A 01 00
024 00 0B 01 00 00 0C 01 00
032 4F F7
          0       1       2       3       4       5       6       7
000 -START- 0000000 0000001 1110111 1111111 0000001 0000001 0000001
008 0001110 0000001 0000001 0000000 0000000 0000010 0000001 1000101
016 0000000 0000011 0000001 0000001 0000000 0000100 0000001 0000000
024 0000000 0000101 0000001 0000000 0000000 0000110 0000001 0000001
032 0001101 --END--
     0  1  2  3  4  5  6  7
000 F0 00 01 77 7F 01 01 01
008 0E 01 01 00 00 02 01 45
016 00 03 01 01 00 04 01 00
024 00 05 01 00 00 06 01 01
032 0D F7
          0       1       2       3       4       5       6       7
000 -START- 0000000 0000001 1110111 1111111 0000001 0000001 0000001
008 0001110 1100000 0000001 0000000 0001110 --END--
     0  1  2  3  4  5  6  7
000 F0 00 01 77 7F 01 01 01
008 0E 60 01 00 0E F7
          0       1       2       3       4       5       6       7
000 -START- 0000000 0000001 1110111 1111111 0000001 0000001 0000001
008 0001101 1010100 0000001 0000000 0000000 1010101 0000001 1111111
016 0000000 1010110 0000001 1111111 0000000 1010111 0000001 0000000
024 0011000 --END--
     0  1  2  3  4  5  6  7
000 F0 00 01 77 7F 01 01 01
008 0D 54 01 00 00 55 01 7F
016 00 56 01 7F 00 57 01 00
024 18 F7
          0       1       2       3       4       5       6       7
000 -START- 0000000 0000001 1110111 1111111 0000001 0000001 0000001
008 0001101 1010000 0000001 0000000 0000000 1010001 0000001 1111111
016 0000000 1010010 0000001 1111111 0000000 1010011 0000001 0000000
024 0101000 --END--
     0  1  2  3  4  5  6  7
000 F0 00 01 77 7F 01 01 01
008 0D 50 01 00 00 51 01 7F
016 00 52 01 7F 00 53 01 00
024 28 F7
          0       1       2       3       4       5       6       7
000 -START- 0000000 0000001 1110111 1111111 0000001 0000001 0000001
008 0001101 1001100 0000001 0000000 0000000 1001101 0000001 1111111
016 0000000 1001110 0000001 1111111 0000000 1001111 0000001 0000000
024 0111000 --END--
     0  1  2  3  4  5  6  7
000 F0 00 01 77 7F 01 01 01
008 0D 4C 01 00 00 4D 01 7F
016 00 4E 01 7F 00 4F 01 00
024 38 F7
          0       1       2       3       4       5       6       7
000 -START- 0000000 0000001 1110111 1111111 0000001 0000001 0000001
008 0001101 1001000 0000001 0000000 0000000 1001001 0000001 1111111
016 0000000 1001010 0000001 1111111 0000000 1001011 0000001 0000000
024 1001000 --END--
     0  1  2  3  4  5  6  7
000 F0 00 01 77 7F 01 01 01
008 0D 48 01 00 00 49 01 7F
016 00 4A 01 7F 00 4B 01 00
024 48 F7
          0       1       2       3       4       5       6       7
000 -START- 0000000 0000001 1110111 1111111 0000001 0000001 0000001
008 0001101 1000100 0000001 0000000 0000000 1000101 0000001 1111111
016 0000000 1000110 0000001 1111111 0000000 1000111 0000001 0000000
024 1011000 --END--
     0  1  2  3  4  5  6  7
000 F0 00 01 77 7F 01 01 01
008 0D 44 01 00 00 45 01 7F
016 00 46 01 7F 00 47 01 00
024 58 F7
          0       1       2       3       4       5       6       7
000 -START- 0000000 0000001 1110111 1111111 0000001 0000001 0000001
008 0001101 1000000 0000001 0000000 0000000 1000001 0000001 1111111
016 0000000 1000010 0000001 1111111 0000000 1000011 0000001 0000000
024 1101000 --END--
     0  1  2  3  4  5  6  7
000 F0 00 01 77 7F 01 01 01
008 0D 40 01 00 00 41 01 7F
016 00 42 01 7F 00 43 01 00
024 68 F7
          0       1       2       3       4       5       6       7
000 -START- 0000000 0000001 1110111 1111111 0000001 0000001 0000001
008 0001101 0011111 0000001 0000000 0000000 0100000 0000001 1100001
016 0000000 0100001 0000001 0000000 0000000 0100010 0000001 0000000
024 0000000 0100011 0000001 0000000 0000000 0100100 0000001 0000000
032 1000000 --END--
     0  1  2  3  4  5  6  7
000 F0 00 01 77 7F 01 01 01
008 0D 1F 01 00 00 20 01 61
016 00 21 01 00 00 22 01 00
024 00 23 01 00 00 24 01 00
032 40 F7
          0       1       2       3       4       5       6       7
000 -START- 0000000 0000001 1110111 1111111 0000001 0000001 0000001
008 0001101 0011001 0000001 0000000 0000000 0011010 0000001 1100001
016 0000000 0011011 0000001 0000000 0000000 0011100 0000001 0000000
024 0000000 0011101 0000001 0000000 0000000 0011110 0000001 0000000
032 1100100 --END--
     0  1  2  3  4  5  6  7
000 F0 00 01 77 7F 01 01 01
008 0D 19 01 00 00 1A 01 61
016 00 1B 01 00 00 1C 01 00
024 00 1D 01 00 00 1E 01 00
032 64 F7
          0       1       2       3       4       5       6       7
000 -START- 0000000 0000001 1110111 1111111 0000001 0000001 0000001
008 0001101 0010011 0000001 0000000 0000000 0010100 0000001 1100001
016 0000000 0010101 0000001 0000000 0000000 0010110 0000001 0000000
024 0000000 0010111 0000001 0000000 0000000 0011000 0000001 0000000
032 0001000 --END--
     0  1  2  3  4  5  6  7
000 F0 00 01 77 7F 01 01 01
008 0D 13 01 00 00 14 01 61
016 00 15 01 00 00 16 01 00
024 00 17 01 00 00 18 01 00
032 08 F7
          0       1       2       3       4       5       6       7
000 -START- 0000000 0000001 1110111 1111111 0000001 0000001 0000001
008 0001101 0001101 0000001 0000000 0000000 0001110 0000001 1100001
016 0000000 0001111 0000001 0000000 0000000 0010000 0000001 0000000
024 0000000 0010001 0000001 0000000 0000000 0010010 0000001 0000000
032 0101100 --END--
     0  1  2  3  4  5  6  7
000 F0 00 01 77 7F 01 01 01
008 0D 0D 01 00 00 0E 01 61
016 00 0F 01 00 00 10 01 00
024 00 11 01 00 00 12 01 00
032 2C F7
          0       1       2       3       4       5       6       7
000 -START- 0000000 0000001 1110111 1111111 0000001 0000001 0000001
008 0001101 0000111 0000001 0000000 0000000 0001000 0000001 1100001
016 0000000 0001001 0000001 0000000 0000000 0001010 0000001 0000000
024 0000000 0001011 0000001 0000000 0000000 0001100 0000001 0000000
032 1010000 --END--
     0  1  2  3  4  5  6  7
000 F0 00 01 77 7F 01 01 01
008 0D 07 01 00 00 08 01 61
016 00 09 01 00 00 0A 01 00
024 00 0B 01 00 00 0C 01 00
032 50 F7
          0       1       2       3       4       5       6       7
000 -START- 0000000 0000001 1110111 1111111 0000001 0000001 0000001
008 0001101 0000001 0000001 0000000 0000000 0000010 0000001 1000101
016 0000000 0000011 0000001 0000000 0000000 0000100 0000001 0000000
024 0000000 0000101 0000001 0000000 0000000 0000110 0000001 0000001
032 0001111 --END--
     0  1  2  3  4  5  6  7
000 F0 00 01 77 7F 01 01 01
008 0D 01 01 00 00 02 01 45
016 00 03 01 00 00 04 01 00
024 00 05 01 00 00 06 01 01
032 0F F7
          0       1       2       3       4       5       6       7
000 -START- 0000000 0000001 1110111 1111111 0000001 0000001 0000001
008 0001101 1100000 0000001 0000000 0001111 --END--
     0  1  2  3  4  5  6  7
000 F0 00 01 77 7F 01 01 01
008 0D 60 01 00 0F F7
          0       1       2       3       4       5       6       7
000 -START- 0000000 0000001 1110111 1111111 0000001 0000001 0000001
008 0000001 0000001 0000101 1010000 1010010 1000111 1001101 0110001
016 0001111 --END--
     0  1  2  3  4  5  6  7
000 F0 00 01 77 7F 01 01 01
008 01 01 05 50 52 47 4D 31
016 0F F7