system-exclusive hex 00 01 77 7F 01 01 05 01 01 05 4E 4F 54 45 53 69
system-exclusive hex 00 01 77 7F 01 01 05 0D 60 01 02 09
system-exclusive hex 00 01 77 7F 01 01 05 0D 01 01 00 00 02 01 43 00 03 01 34 00 04 01 7F 00 05 01 00 00 06 01 01 5A
system-exclusive hex 00 01 77 7F 01 01 05 0D 07 01 00 00 08 01 43 00 09 01 1C 00 0A 01 7F 00 0B 01 00 00 0C 01 01 4E
system-exclusive hex 00 01 77 7F 01 01 05 0D 0D 01 00 00 0E 01 43 00 0F 01 28 00 10 01 7F 00 11 01 00 00 12 01 01 1E
system-exclusive hex 00 01 77 7F 01 01 05 0D 13 01 00 00 14 01 43 00 15 01 40 00 16 01 7F 00 17 01 00 00 18 01 01 62
system-exclusive hex 00 01 77 7F 01 01 05 0D 19 01 00 00 1A 01 43 00 1B 01 4C 00 1C 01 7F 00 1D 01 00 00 1E 01 01 32
system-exclusive hex 00 01 77 7F 01 01 05 0D 1F 01 00 00 20 01 61 00 21 01 00 00 22 01 7F 00 23 01 00 00 24 01 00 3D
system-exclusive hex 00 01 77 7F 01 01 05 0D 40 01 00 00 41 01 7F 00 42 01 7F 00 43 01 00 64
system-exclusive hex 00 01 77 7F 01 01 05 0D 44 01 00 00 45 01 7F 00 46 01 7F 00 47 01 00 54
system-exclusive hex 00 01 77 7F 01 01 05 0D 48 01 00 00 49 01 7F 00 4A 01 7F 00 4B 01 00 44
system-exclusive hex 00 01 77 7F 01 01 05 0D 4C 01 00 00 4D 01 7F 00 4E 01 7F 00 4F 01 00 34
system-exclusive hex 00 01 77 7F 01 01 05 0D 50 01 00 00 51 01 7F 00 52 01 7F 00 53 01 00 24
system-exclusive hex 00 01 77 7F 01 01 05 0D 54 01 00 00 55 01 7F 00 56 01 7F 00 57 01 00 14
system-exclusive hex 00 01 77 7F 01 01 05 0E 60 01 02 08
system-exclusive hex 00 01 77 7F 01 01 05 0E 01 01 00 00 02 01 43 00 03 01 36 00 04 01 7F 00 05 01 00 00 06 01 01 57
system-exclusive hex 00 01 77 7F 01 01 05 0E 07 01 00 00 08 01 43 00 09 01 1E 00 0A 01 7F 00 0B 01 00 00 0C 01 01 4B
system-exclusive hex 00 01 77 7F 01 01 05 0E 0D 01 00 00 0E 01 43 00 0F 01 2A 00 10 01 7F 00 11 01 00 00 12 01 01 1B
system-exclusive hex 00 01 77 7F 01 01 05 0E 13 01 00 00 14 01 43 00 15 01 42 00 16 01 7F 00 17 01 00 00 18 01 01 5F
system-exclusive hex 00 01 77 7F 01 01 05 0E 19 01 00 00 1A 01 43 00 1B 01 4E 00 1C 01 7F 00 1D 01 00 00 1E 01 01 2F
system-exclusive hex 00 01 77 7F 01 01 05 0E 1F 01 00 00 20 01 61 00 21 01 00 00 22 01 7F 00 23 01 00 00 24 01 00 3C
system-exclusive hex 00 01 77 7F 01 01 05 0E 40 01 00 00 41 01 7F 00 42 01 7F 00 43 01 00 63
system-exclusive hex 00 01 77 7F 01 01 05 0E 44 01 00 00 45 01 7F 00 46 01 7F 00 47 01 00 53
system-exclusive hex 00 01 77 7F 01 01 05 0E 48 01 00 00 49 01 7F 00 4A 01 7F 00 4B 01 00 43
system-exclusive hex 00 01 77 7F 01 01 05 0E 4C 01 00 00 4D 01 7F 00 4E 01 7F 00 4F 01 00 33
system-exclusive hex 00 01 77 7F 01 01 05 0E 50 01 00 00 51 01 7F 00 52 01 7F 00 53 01 00 23
system-exclusive hex 00 01 77 7F 01 01 05 0E 54 01 00 00 55 01 7F 00 56 01 7F 00 57 01 00 13
system-exclusive hex 00 01 77 7F 01 01 05 0F 60 01 02 07
system-exclusive hex 00 01 77 7F 01 01 05 0F 01 01 00 00 02 01 43 00 03 01 37 00 04 01 7F 00 05 01 00 00 06 01 01 55
system-exclusive hex 00 01 77 7F 01 01 05 0F 07 01 00 00 08 01 43 00 09 01 1F 00 0A 01 7F 00 0B 01 00 00 0C 01 01 49
system-exclusive hex 00 01 77 7F 01 01 05 0F 0D 01 00 00 0E 01 43 00 0F 01 2B 00 10 01 7F 00 11 01 00 00 12 01 01 19
system-exclusive hex 00 01 77 7F 01 01 05 0F 13 01 00 00 14 01 43 00 15 01 43 00 16 01 7F 00 17 01 00 00 18 01 01 5D
system-exclusive hex 00 01 77 7F 01 01 05 0F 19 01 00 00 1A 01 43 00 1B 01 4F 00 1C 01 7F 00 1D 01 00 00 1E 01 01 2D
system-exclusive hex 00 01 77 7F 01 01 05 0F 1F 01 00 00 20 01 61 00 21 01 00 00 22 01 7F 00 23 01 00 00 24 01 00 3B
system-exclusive hex 00 01 77 7F 01 01 05 0F 40 01 00 00 41 01 7F 00 42 01 7F 00 43 01 00 62
system-exclusive hex 00 01 77 7F 01 01 05 0F 44 01 00 00 45 01 7F 00 46 01 7F 00 47 01 00 52
system-exclusive hex 00 01 77 7F 01 01 05 0F 48 01 00 00 49 01 7F 00 4A 01 7F 00 4B 01 00 42
system-exclusive hex 00 01 77 7F 01 01 05 0F 4C 01 00 00 4D 01 7F 00 4E 01 7F 00 4F 01 00 32
system-exclusive hex 00 01 77 7F 01 01 05 0F 50 01 00 00 51 01 7F 00 52 01 7F 00 53 01 00 22
system-exclusive hex 00 01 77 7F 01 01 05 0F 54 01 00 00 55 01 7F 00 56 01 7F 00 57 01 00 12
system-exclusive hex 00 01 77 7F 01 01 05 10 60 01 02 06
system-exclusive hex 00 01 77 7F 01 01 05 10 01 01 00 00 02 01 43 00 03 01 39 00 04 01 7F 00 05 01 00 00 06 01 01 52
system-exclusive hex 00 01 77 7F 01 01 05 10 07 01 00 00 08 01 43 00 09 01 21 00 0A 01 7F 00 0B 01 00 00 0C 01 01 46
system-exclusive hex 00 01 77 7F 01 01 05 10 0D 01 00 00 0E 01 43 00 0F 01 2D 00 10 01 7F 00 11 01 00 00 12 01 01 16
system-exclusive hex 00 01 77 7F 01 01 05 10 13 01 00 00 14 01 43 00 15 01 45 00 16 01 7F 00 17 01 00 00 18 01 01 5A
system-exclusive hex 00 01 77 7F 01 01 05 10 19 01 00 00 1A 01 43 00 1B 01 51 00 1C 01 7F 00 1D 01 00 00 1E 01 01 2A
system-exclusive hex 00 01 77 7F 01 01 05 10 1F 01 00 00 20 01 61 00 21 01 00 00 22 01 7F 00 23 01 00 00 24 01 00 3A
system-exclusive hex 00 01 77 7F 01 01 05 10 40 01 00 00 41 01 7F 00 42 01 7F 00 43 01 00 61
system-exclusive hex 00 01 77 7F 01 01 05 10 44 01 00 00 45 01 7F 00 46 01 7F 00 47 01 00 51
system-exclusive hex 00 01 77 7F 01 01 05 10 48 01 00 00 49 01 7F 00 4A 01 7F 00 4B 01 00 41
system-exclusive hex 00 01 77 7F 01 01 05 10 4C 01 00 00 4D 01 7F 00 4E 01 7F 00 4F 01 00 31
system-exclusive hex 00 01 77 7F 01 01 05 10 50 01 00 00 51 01 7F 00 52 01 7F 00 53 01 00 21
system-exclusive hex 00 01 77 7F 01 01 05 10 54 01 00 00 55 01 7F 00 56 01 7F 00 57 01 00 11
system-exclusive hex 00 01 77 7F 01 01 05 11 60 01 02 05
system-exclusive hex 00 01 77 7F 01 01 05 11 01 01 00 00 02 01 43 00 03 01 3B 00 04 01 7F 00 05 01 00 00 06 01 01 4F
system-exclusive hex 00 01 77 7F 01 01 05 11 07 01 00 00 08 01 43 00 09 01 23 00 0A 01 7F 00 0B 01 00 00 0C 01 01 43
system-exclusive hex 00 01 77 7F 01 01 05 11 0D 01 00 00 0E 01 43 00 0F 01 2F 00 10 01 7F 00 11 01 00 00 12 01 01 13
system-exclusive hex 00 01 77 7F 01 01 05 11 13 01 00 00 14 01 43 00 15 01 47 00 16 01 7F 00 17 01 00 00 18 01 01 57
system-exclusive hex 00 01 77 7F 01 01 05 11 19 01 00 00 1A 01 43 00 1B 01 53 00 1C 01 7F 00 1D 01 00 00 1E 01 01 27
system-exclusive hex 00 01 77 7F 01 01 05 11 1F 01 00 00 20 01 61 00 21 01 00 00 22 01 7F 00 23 01 00 00 24 01 00 39
system-exclusive hex 00 01 77 7F 01 01 05 11 40 01 00 00 41 01 7F 00 42 01 7F 00 43 01 00 60
system-exclusive hex 00 01 77 7F 01 01 05 11 44 01 00 00 45 01 7F 00 46 01 7F 00 47 01 00 50
system-exclusive hex 00 01 77 7F 01 01 05 11 48 01 00 00 49 01 7F 00 4A 01 7F 00 4B 01 00 40
system-exclusive hex 00 01 77 7F 01 01 05 11 4C 01 00 00 4D 01 7F 00 4E 01 7F 00 4F 01 00 30
system-exclusive hex 00 01 77 7F 01 01 05 11 50 01 00 00 51 01 7F 00 52 01 7F 00 53 01 00 20
system-exclusive hex 00 01 77 7F 01 01 05 11 54 01 00 00 55 01 7F 00 56 01 7F 00 57 01 00 10
system-exclusive hex 00 01 77 7F 01 01 05 12 60 01 02 04
system-exclusive hex 00 01 77 7F 01 01 05 12 01 01 00 00 02 01 43 00 03 01 3C 00 04 01 7F 00 05 01 00 00 06 01 01 4D
system-exclusive hex 00 01 77 7F 01 01 05 12 07 01 00 00 08 01 43 00 09 01 24 00 0A 01 7F 00 0B 01 00 00 0C 01 01 41
system-exclusive hex 00 01 77 7F 01 01 05 12 0D 01 00 00 0E 01 43 00 0F 01 30 00 10 01 7F 00 11 01 00 00 12 01 01 11
system-exclusive hex 00 01 77 7F 01 01 05 12 13 01 00 00 14 01 43 00 15 01 48 00 16 01 7F 00 17 01 00 00 18 01 01 55
system-exclusive hex 00 01 77 7F 01 01 05 12 19 01 00 00 1A 01 43 00 1B 01 54 00 1C 01 7F 00 1D 01 00 00 1E 01 01 25
system-exclusive hex 00 01 77 7F 01 01 05 12 1F 01 00 00 20 01 61 00 21 01 00 00 22 01 7F 00 23 01 00 00 24 01 00 38
system-exclusive hex 00 01 77 7F 01 01 05 12 40 01 00 00 41 01 7F 00 42 01 7F 00 43 01 00 5F
system-exclusive hex 00 01 77 7F 01 01 05 12 44 01 00 00 45 01 7F 00 46 01 7F 00 47 01 00 4F
system-exclusive hex 00 01 77 7F 01 01 05 12 48 01 00 00 49 01 7F 00 4A 01 7F 00 4B 01 00 3F
system-exclusive hex 00 01 77 7F 01 01 05 12 4C 01 00 00 4D 01 7F 00 4E 01 7F 00 4F 01 00 2F
system-exclusive hex 00 01 77 7F 01 01 05 12 50 01 00 00 51 01 7F 00 52 01 7F 00 53 01 00 1F
system-exclusive hex 00 01 77 7F 01 01 05 12 54 01 00 00 55 01 7F 00 56 01 7F 00 57 01 00 0F
system-exclusive hex 00 01 77 7F 01 01 05 14 60 01 00 04
system-exclusive hex 00 01 77 7F 01 01 05 14 01 01 00 00 02 01 62 00 03 01 01 00 04 01 00 00 05 01 00 00 06 01 01 66
system-exclusive hex 00 01 77 7F 01 01 05 14 07 01 00 00 08 01 61 00 09 01 00 00 0A 01 7F 00 0B 01 00 00 0C 01 00 46
system-exclusive hex 00 01 77 7F 01 01 05 14 0D 01 00 00 0E 01 61 00 0F 01 00 00 10 01 7F 00 11 01 00 00 12 01 00 22
system-exclusive hex 00 01 77 7F 01 01 05 14 13 01 00 00 14 01 61 00 15 01 00 00 16 01 7F 00 17 01 00 00 18 01 00 7E
system-exclusive hex 00 01 77 7F 01 01 05 14 19 01 00 00 1A 01 61 00 1B 01 00 00 1C 01 7F 00 1D 01 00 00 1E 01 00 5A
system-exclusive hex 00 01 77 7F 01 01 05 14 1F 01 00 00 20 01 61 00 21 01 00 00 22 01 7F 00 23 01 00 00 24 01 00 36
system-exclusive hex 00 01 77 7F 01 01 05 14 40 01 00 00 41 01 7F 00 42 01 7F 00 43 01 00 5D
system-exclusive hex 00 01 77 7F 01 01 05 14 44 01 00 00 45 01 7F 00 46 01 7F 00 47 01 00 4D
system-exclusive hex 00 01 77 7F 01 01 05 14 48 01 00 00 49 01 7F 00 4A 01 7F 00 4B 01 00 3D
system-exclusive hex 00 01 77 7F 01 01 05 14 4C 01 00 00 4D 01 7F 00 4E 01 7F 00 4F 01 00 2D
system-exclusive hex 00 01 77 7F 01 01 05 14 50 01 00 00 51 01 7F 00 52 01 7F 00 53 01 00 1D
system-exclusive hex 00 01 77 7F 01 01 05 14 54 01 00 00 55 01 7F 00 56 01 7F 00 57 01 00 0D
system-exclusive hex 00 01 77 7F 01 01 05 15 60 01 00 03
system-exclusive hex 00 01 77 7F 01 01 05 15 01 01 00 00 02 01 62 00 03 01 02 00 04 01 00 00 05 01 00 00 06 01 01 64
system-exclusive hex 00 01 77 7F 01 01 05 15 07 01 00 00 08 01 61 00 09 01 00 00 0A 01 7F 00 0B 01 00 00 0C 01 00 45
system-exclusive hex 00 01 77 7F 01 01 05 15 0D 01 00 00 0E 01 61 00 0F 01 00 00 10 01 7F 00 11 01 00 00 12 01 00 21
system-exclusive hex 00 01 77 7F 01 01 05 15 13 01 00 00 14 01 61 00 15 01 00 00 16 01 7F 00 17 01 00 00 18 01 00 7D
system-exclusive hex 00 01 77 7F 01 01 05 15 19 01 00 00 1A 01 61 00 1B 01 00 00 1C 01 7F 00 1D 01 00 00 1E 01 00 59
system-exclusive hex 00 01 77 7F 01 01 05 15 1F 01 00 00 20 01 61 00 21 01 00 00 22 01 7F 00 23 01 00 00 24 01 00 35
system-exclusive hex 00 01 77 7F 01 01 05 15 40 01 00 00 41 01 7F 00 42 01 7F 00 43 01 00 5C
system-exclusive hex 00 01 77 7F 01 01 05 15 44 01 00 00 45 01 7F 00 46 01 7F 00 47 01 00 4C
system-exclusive hex 00 01 77 7F 01 01 05 15 48 01 00 00 49 01 7F 00 4A 01 7F 00 4B 01 00 3C
system-exclusive hex 00 01 77 7F 01 01 05 15 4C 01 00 00 4D 01 7F 00 4E 01 7F 00 4F 01 00 2C
system-exclusive hex 00 01 77 7F 01 01 05 15 50 01 00 00 51 01 7F 00 52 01 7F 00 53 01 00 1C
system-exclusive hex 00 01 77 7F 01 01 05 15 54 01 00 00 55 01 7F 00 56 01 7F 00 57 01 00 0C
system-exclusive hex 00 01 77 7F 01 01 05 16 60 01 00 02
system-exclusive hex 00 01 77 7F 01 01 05 16 01 01 00 00 02 01 56 00 03 01 01 00 04 01 00 00 05 01 00 00 06 01 01 70
system-exclusive hex 00 01 77 7F 01 01 05 16 07 01 00 00 08 01 61 00 09 01 00 00 0A 01 7F 00 0B 01 00 00 0C 01 00 44
system-exclusive hex 00 01 77 7F 01 01 05 16 0D 01 00 00 0E 01 61 00 0F 01 00 00 10 01 7F 00 11 01 00 00 12 01 00 20
system-exclusive hex 00 01 77 7F 01 01 05 16 13 01 00 00 14 01 61 00 15 01 00 00 16 01 7F 00 17 01 00 00 18 01 00 7C
system-exclusive hex 00 01 77 7F 01 01 05 16 19 01 00 00 1A 01 61 00 1B 01 00 00 1C 01 7F 00 1D 01 00 00 1E 01 00 58
system-exclusive hex 00 01 77 7F 01 01 05 16 1F 01 00 00 20 01 61 00 21 01 00 00 22 01 7F 00 23 01 00 00 24 01 00 34
system-exclusive hex 00 01 77 7F 01 01 05 16 40 01 00 00 41 01 7F 00 42 01 7F 00 43 01 00 5B
system-exclusive hex 00 01 77 7F 01 01 05 16 44 01 00 00 45 01 7F 00 46 01 7F 00 47 01 00 4B
system-exclusive hex 00 01 77 7F 01 01 05 16 48 01 00 00 49 01 7F 00 4A 01 7F 00 4B 01 00 3B
system-exclusive hex 00 01 77 7F 01 01 05 16 4C 01 00 00 4D 01 7F 00 4E 01 7F 00 4F 01 00 2B
system-exclusive hex 00 01 77 7F 01 01 05 16 50 01 00 00 51 01 7F 00 52 01 7F 00 53 01 00 1B
system-exclusive hex 00 01 77 7F 01 01 05 16 54 01 00 00 55 01 7F 00 56 01 7F 00 57 01 00 0B
system-exclusive hex 00 01 77 7F 01 01 05 17 60 01 00 01
system-exclusive hex 00 01 77 7F 01 01 05 17 01 01 00 00 02 01 56 00 03 01 00 00 04 01 00 00 05 01 00 00 06 01 01 70
system-exclusive hex 00 01 77 7F 01 01 05 17 07 01 00 00 08 01 61 00 09 01 00 00 0A 01 7F 00 0B 01 00 00 0C 01 00 43
system-exclusive hex 00 01 77 7F 01 01 05 17 0D 01 00 00 0E 01 61 00 0F 01 00 00 10 01 7F 00 11 01 00 00 12 01 00 1F
system-exclusive hex 00 01 77 7F 01 01 05 17 13 01 00 00 14 01 61 00 15 01 00 00 16 01 7F 00 17 01 00 00 18 01 00 7B
system-exclusive hex 00 01 77 7F 01 01 05 17 19 01 00 00 1A 01 61 00 1B 01 00 00 1C 01 7F 00 1D 01 00 00 1E 01 00 57
system-exclusive hex 00 01 77 7F 01 01 05 17 1F 01 00 00 20 01 61 00 21 01 00 00 22 01 7F 00 23 01 00 00 24 01 00 33
system-exclusive hex 00 01 77 7F 01 01 05 17 40 01 00 00 41 01 7F 00 42 01 7F 00 43 01 00 5A
system-exclusive hex 00 01 77 7F 01 01 05 17 44 01 00 00 45 01 7F 00 46 01 7F 00 47 01 00 4A
system-exclusive hex 00 01 77 7F 01 01 05 17 48 01 00 00 49 01 7F 00 4A 01 7F 00 4B 01 00 3A
system-exclusive hex 00 01 77 7F 01 01 05 17 4C 01 00 00 4D 01 7F 00 4E 01 7F 00 4F 01 00 2A
system-exclusive hex 00 01 77 7F 01 01 05 17 50 01 00 00 51 01 7F 00 52 01 7F 00 53 01 00 1A
system-exclusive hex 00 01 77 7F 01 01 05 17 54 01 00 00 55 01 7F 00 56 01 7F 00 57 01 00 0A
system-exclusive hex 00 01 77 7F 01 01 05 18 60 01 00 00
system-exclusive hex 00 01 77 7F 01 01 05 18 01 01 00 00 02 01 63 00 03 01 00 00 04 01 02 00 05 01 00 00 06 01 01 60
system-exclusive hex 00 01 77 7F 01 01 05 18 07 01 00 00 08 01 63 00 09 01 01 00 0A 01 02 00 0B 01 00 00 0C 01 01 3B
system-exclusive hex 00 01 77 7F 01 01 05 18 0D 01 00 00 0E 01 63 00 0F 01 02 00 10 01 02 00 11 01 00 00 12 01 01 16
system-exclusive hex 00 01 77 7F 01 01 05 18 13 01 00 00 14 01 63 00 15 01 03 00 16 01 02 00 17 01 00 00 18 01 01 71
system-exclusive hex 00 01 77 7F 01 01 05 18 19 01 00 00 1A 01 63 00 1B 01 04 00 1C 01 02 00 1D 01 00 00 1E 01 01 4C
system-exclusive hex 00 01 77 7F 01 01 05 18 1F 01 00 00 20 01 63 00 21 01 05 00 22 01 02 00 23 01 00 00 24 01 01 27
system-exclusive hex 00 01 77 7F 01 01 05 19 60 01 00 7F
system-exclusive hex 00 01 77 7F 01 01 05 19 01 01 00 00 02 01 63 00 03 01 00 00 04 01 03 00 05 01 00 00 06 01 01 5E
system-exclusive hex 00 01 77 7F 01 01 05 19 07 01 00 00 08 01 63 00 09 01 01 00 0A 01 03 00 0B 01 00 00 0C 01 01 39
system-exclusive hex 00 01 77 7F 01 01 05 19 0D 01 00 00 0E 01 63 00 0F 01 02 00 10 01 03 00 11 01 00 00 12 01 01 14
system-exclusive hex 00 01 77 7F 01 01 05 19 13 01 00 00 14 01 63 00 15 01 03 00 16 01 03 00 17 01 00 00 18 01 01 6F
system-exclusive hex 00 01 77 7F 01 01 05 19 19 01 00 00 1A 01 63 00 1B 01 04 00 1C 01 03 00 1D 01 00 00 1E 01 01 4A
system-exclusive hex 00 01 77 7F 01 01 05 19 1F 01 00 00 20 01 63 00 21 01 05 00 22 01 03 00 23 01 00 00 24 01 01 25
system-exclusive hex 00 01 77 7F 01 01 05 1A 60 01 00 7E
system-exclusive hex 00 01 77 7F 01 01 05 1A 01 01 00 00 02 01 63 00 03 01 00 00 04 01 04 00 05 01 00 00 06 01 01 5C
system-exclusive hex 00 01 77 7F 01 01 05 1A 07 01 00 00 08 01 63 00 09 01 01 00 0A 01 04 00 0B 01 00 00 0C 01 01 37
system-exclusive hex 00 01 77 7F 01 01 05 1A 0D 01 00 00 0E 01 63 00 0F 01 02 00 10 01 04 00 11 01 00 00 12 01 01 12
system-exclusive hex 00 01 77 7F 01 01 05 1A 13 01 00 00 14 01 63 00 15 01 03 00 16 01 04 00 17 01 00 00 18 01 01 6D
system-exclusive hex 00 01 77 7F 01 01 05 1A 19 01 00 00 1A 01 63 00 1B 01 04 00 1C 01 04 00 1D 01 00 00 1E 01 01 48
system-exclusive hex 00 01 77 7F 01 01 05 1A 1F 01 00 00 20 01 63 00 21 01 05 00 22 01 04 00 23 01 00 00 24 01 01 23
system-exclusive hex 00 01 77 7F 01 01 05 1B 60 01 00 7D
system-exclusive hex 00 01 77 7F 01 01 05 1B 01 01 00 00 02 01 63 00 03 01 00 00 04 01 05 00 05 01 00 00 06 01 01 5A
system-exclusive hex 00 01 77 7F 01 01 05 1B 07 01 00 00 08 01 63 00 09 01 01 00 0A 01 05 00 0B 01 00 00 0C 01 01 35
system-exclusive hex 00 01 77 7F 01 01 05 1B 0D 01 00 00 0E 01 63 00 0F 01 02 00 10 01 05 00 11 01 00 00 12 01 01 10
system-exclusive hex 00 01 77 7F 01 01 05 1B 13 01 00 00 14 01 63 00 15 01 03 00 16 01 05 00 17 01 00 00 18 01 01 6B
system-exclusive hex 00 01 77 7F 01 01 05 1B 19 01 00 00 1A 01 63 00 1B 01 04 00 1C 01 05 00 1D 01 00 00 1E 01 01 46
system-exclusive hex 00 01 77 7F 01 01 05 1B 1F 01 00 00 20 01 63 00 21 01 05 00 22 01 05 00 23 01 00 00 24 01 01 21
system-exclusive hex 00 01 77 7F 01 01 05 36 60 01 00 62
system-exclusive hex 00 01 77 7F 01 01 05 36 01 01 00 00 02 01 00 00 03 01 07 00 04 01 00 00 05 01 7F 00 06 01 01 21
system-exclusive hex 00 01 77 7F 01 01 05 36 07 01 00 00 08 01 00 00 09 01 00 00 0A 01 00 00 0B 01 7F 00 0C 01 00 05
system-exclusive hex 00 01 77 7F 01 01 05 36 0D 01 00 00 0E 01 00 00 0F 01 00 00 10 01 00 00 11 01 7F 00 12 01 00 61
system-exclusive hex 00 01 77 7F 01 01 05 36 13 01 00 00 14 01 00 00 15 01 00 00 16 01 00 00 17 01 7F 00 18 01 00 3D
system-exclusive hex 00 01 77 7F 01 01 05 36 19 01 00 00 1A 01 00 00 1B 01 00 00 1C 01 00 00 1D 01 7F 00 1E 01 00 19
system-exclusive hex 00 01 77 7F 01 01 05 36 1F 01 00 00 20 01 00 00 21 01 00 00 22 01 00 00 23 01 7F 00 24 01 00 75
system-exclusive hex 00 01 77 7F 01 01 05 37 60 01 00 61
system-exclusive hex 00 01 77 7F 01 01 05 37 01 01 00 00 02 01 00 00 03 01 0B 00 04 01 00 00 05 01 7F 00 06 01 01 1C
system-exclusive hex 00 01 77 7F 01 01 05 37 07 01 00 00 08 01 00 00 09 01 00 00 0A 01 00 00 0B 01 7F 00 0C 01 00 04
system-exclusive hex 00 01 77 7F 01 01 05 37 0D 01 00 00 0E 01 00 00 0F 01 00 00 10 01 00 00 11 01 7F 00 12 01 00 60
system-exclusive hex 00 01 77 7F 01 01 05 37 13 01 00 00 14 01 00 00 15 01 00 00 16 01 00 00 17 01 7F 00 18 01 00 3C
system-exclusive hex 00 01 77 7F 01 01 05 37 19 01 00 00 1A 01 00 00 1B 01 00 00 1C 01 00 00 1D 01 7F 00 1E 01 00 18
system-exclusive hex 00 01 77 7F 01 01 05 37 1F 01 00 00 20 01 00 00 21 01 00 00 22 01 00 00 23 01 7F 00 24 01 00 74
system-exclusive hex 00 01 77 7F 01 01 05 7E 01 01 01 00 02 01 65 00 03 01 7B 00 04 01 7F 00 05 01 00 07
system-exclusive hex 00 01 77 7F 01 01 05 7E 07 01 02 00 08 01 65 00 09 01 7B 00 0A 01 7F 00 0B 01 00 68
system-exclusive hex 00 01 77 7F 01 01 05 7E 0D 01 03 00 0E 01 65 00 0F 01 7B 00 10 01 7F 00 11 01 00 49
system-exclusive hex 00 01 77 7F 01 01 05 7E 13 01 04 00 14 01 65 00 15 01 7B 00 16 01 7F 00 17 01 00 2A
system-exclusive hex 00 01 77 7F 01 01 05 7E 19 01 05 00 1A 01 65 00 1B 01 7B 00 1C 01 7F 00 1D 01 00 0B
system-exclusive hex 00 01 77 7F 01 01 05 7E 1F 01 06 00 20 01 65 00 21 01 7B 00 22 01 7F 00 23 01 00 6C
system-exclusive hex 00 01 77 7F 01 01 05 7E 25 01 07 00 26 01 65 00 27 01 7B 00 28 01 7F 00 29 01 00 4D
system-exclusive hex 00 01 77 7F 01 01 05 7E 2B 01 08 00 2C 01 65 00 2D 01 7B 00 2E 01 7F 00 2F 01 00 2E
system-exclusive hex 00 01 77 7F 01 01 05 7E 31 01 09 00 32 01 65 00 33 01 7B 00 34 01 7F 00 35 01 00 0F
system-exclusive hex 00 01 77 7F 01 01 05 7E 37 01 0A 00 38 01 65 00 39 01 7B 00 3A 01 7F 00 3B 01 00 70
system-exclusive hex 00 01 77 7F 01 01 05 7E 3D 01 0B 00 3E 01 65 00 3F 01 7B 00 40 01 7F 00 41 01 00 51
system-exclusive hex 00 01 77 7F 01 01 05 7E 43 01 0C 00 44 01 65 00 45 01 7B 00 46 01 7F 00 47 01 00 32
system-exclusive hex 00 01 77 7F 01 01 05 7E 49 01 0D 00 4A 01 65 00 4B 01 7B 00 4C 01 7F 00 4D 01 00 13
system-exclusive hex 00 01 77 7F 01 01 05 7E 4F 01 0E 00 50 01 65 00 51 01 7B 00 52 01 7F 00 53 01 00 74
system-exclusive hex 00 01 77 7F 01 01 05 7E 55 01 0F 00 56 01 65 00 57 01 7B 00 58 01 7F 00 59 01 00 55
system-exclusive hex 00 01 77 7F 01 01 05 7E 5B 01 10 00 5C 01 65 00 5D 01 7B 00 5E 01 7F 00 5F 01 00 36
