system-exclusive hex 00 01 77 7F 01 01 14 01 01 05 43 4F 4C 4F 52 64 dec
system-exclusive hex 00 01 77 7F 01 01 14 0D 60 01 00 7C dec
system-exclusive hex 00 01 77 7F 01 01 14 0D 01 01 00 00 02 01 47 00 03 01 5B 00 04 01 7F 00 05 01 00 00 06 01 01 20 dec
system-exclusive hex 00 01 77 7F 01 01 14 0D 07 01 00 00 08 01 61 00 09 01 00 00 0A 01 7F 00 0B 01 00 00 0C 01 00 3E dec
system-exclusive hex 00 01 77 7F 01 01 14 0D 0D 01 00 00 0E 01 61 00 0F 01 00 00 10 01 7F 00 11 01 00 00 12 01 00 1A dec
system-exclusive hex 00 01 77 7F 01 01 14 0D 13 01 00 00 14 01 61 00 15 01 00 00 16 01 7F 00 17 01 00 00 18 01 00 76 dec
system-exclusive hex 00 01 77 7F 01 01 14 0D 19 01 00 00 1A 01 61 00 1B 01 00 00 1C 01 7F 00 1D 01 00 00 1E 01 00 52 dec
system-exclusive hex 00 01 77 7F 01 01 14 0D 1F 01 00 00 20 01 61 00 21 01 00 00 22 01 7F 00 23 01 00 00 24 01 00 2E dec
system-exclusive hex 00 01 77 7F 01 01 14 0D 40 01 00 00 41 01 03 00 42 01 04 00 43 01 00 4C dec
system-exclusive hex 00 01 77 7F 01 01 14 0D 44 01 00 00 45 01 7F 00 46 01 7F 00 47 01 00 45 dec
system-exclusive hex 00 01 77 7F 01 01 14 0D 48 01 00 00 49 01 7F 00 4A 01 7F 00 4B 01 00 35 dec
system-exclusive hex 00 01 77 7F 01 01 14 0D 4C 01 00 00 4D 01 7F 00 4E 01 7F 00 4F 01 00 25 dec
system-exclusive hex 00 01 77 7F 01 01 14 0D 50 01 00 00 51 01 7F 00 52 01 7F 00 53 01 00 15 dec
system-exclusive hex 00 01 77 7F 01 01 14 0D 54 01 00 00 55 01 7F 00 56 01 7F 00 57 01 00 05 dec
system-exclusive hex 00 01 77 7F 01 01 14 0E 60 01 00 7B dec
system-exclusive hex 00 01 77 7F 01 01 14 0E 01 01 00 00 02 01 47 00 03 01 5C 00 04 01 7F 00 05 01 00 00 06 01 01 1E dec
system-exclusive hex 00 01 77 7F 01 01 14 0E 07 01 00 00 08 01 61 00 09 01 00 00 0A 01 7F 00 0B 01 00 00 0C 01 00 3D dec
system-exclusive hex 00 01 77 7F 01 01 14 0E 0D 01 00 00 0E 01 61 00 0F 01 00 00 10 01 7F 00 11 01 00 00 12 01 00 19 dec
system-exclusive hex 00 01 77 7F 01 01 14 0E 13 01 00 00 14 01 61 00 15 01 00 00 16 01 7F 00 17 01 00 00 18 01 00 75 dec
system-exclusive hex 00 01 77 7F 01 01 14 0E 19 01 00 00 1A 01 61 00 1B 01 00 00 1C 01 7F 00 1D 01 00 00 1E 01 00 51 dec
system-exclusive hex 00 01 77 7F 01 01 14 0E 1F 01 00 00 20 01 61 00 21 01 00 00 22 01 7F 00 23 01 00 00 24 01 00 2D dec
system-exclusive hex 00 01 77 7F 01 01 14 0E 40 01 00 00 41 01 05 00 42 01 06 00 43 01 00 47 dec
system-exclusive hex 00 01 77 7F 01 01 14 0E 44 01 00 00 45 01 7F 00 46 01 7F 00 47 01 00 44 dec
system-exclusive hex 00 01 77 7F 01 01 14 0E 48 01 00 00 49 01 7F 00 4A 01 7F 00 4B 01 00 34 dec
system-exclusive hex 00 01 77 7F 01 01 14 0E 4C 01 00 00 4D 01 7F 00 4E 01 7F 00 4F 01 00 24 dec
system-exclusive hex 00 01 77 7F 01 01 14 0E 50 01 00 00 51 01 7F 00 52 01 7F 00 53 01 00 14 dec
system-exclusive hex 00 01 77 7F 01 01 14 0E 54 01 00 00 55 01 7F 00 56 01 7F 00 57 01 00 04 dec
system-exclusive hex 00 01 77 7F 01 01 14 0F 60 01 00 7A dec
system-exclusive hex 00 01 77 7F 01 01 14 0F 01 01 00 00 02 01 47 00 03 01 5D 00 04 01 7F 00 05 01 00 00 06 01 01 1C dec
system-exclusive hex 00 01 77 7F 01 01 14 0F 07 01 00 00 08 01 61 00 09 01 00 00 0A 01 7F 00 0B 01 00 00 0C 01 00 3C dec
system-exclusive hex 00 01 77 7F 01 01 14 0F 0D 01 00 00 0E 01 61 00 0F 01 00 00 10 01 7F 00 11 01 00 00 12 01 00 18 dec
system-exclusive hex 00 01 77 7F 01 01 14 0F 13 01 00 00 14 01 61 00 15 01 00 00 16 01 7F 00 17 01 00 00 18 01 00 74 dec
system-exclusive hex 00 01 77 7F 01 01 14 0F 19 01 00 00 1A 01 61 00 1B 01 00 00 1C 01 7F 00 1D 01 00 00 1E 01 00 50 dec
system-exclusive hex 00 01 77 7F 01 01 14 0F 1F 01 00 00 20 01 61 00 21 01 00 00 22 01 7F 00 23 01 00 00 24 01 00 2C dec
system-exclusive hex 00 01 77 7F 01 01 14 0F 40 01 00 00 41 01 09 00 42 01 0A 00 43 01 00 3E dec
system-exclusive hex 00 01 77 7F 01 01 14 0F 44 01 00 00 45 01 7F 00 46 01 7F 00 47 01 00 43 dec
system-exclusive hex 00 01 77 7F 01 01 14 0F 48 01 00 00 49 01 7F 00 4A 01 7F 00 4B 01 00 33 dec
system-exclusive hex 00 01 77 7F 01 01 14 0F 4C 01 00 00 4D 01 7F 00 4E 01 7F 00 4F 01 00 23 dec
system-exclusive hex 00 01 77 7F 01 01 14 0F 50 01 00 00 51 01 7F 00 52 01 7F 00 53 01 00 13 dec
system-exclusive hex 00 01 77 7F 01 01 14 0F 54 01 00 00 55 01 7F 00 56 01 7F 00 57 01 00 03 dec
system-exclusive hex 00 01 77 7F 01 01 14 10 60 01 00 79 dec
system-exclusive hex 00 01 77 7F 01 01 14 10 01 01 00 00 02 01 47 00 03 01 5E 00 04 01 7F 00 05 01 00 00 06 01 01 1A dec
system-exclusive hex 00 01 77 7F 01 01 14 10 07 01 00 00 08 01 61 00 09 01 00 00 0A 01 7F 00 0B 01 00 00 0C 01 00 3B dec
system-exclusive hex 00 01 77 7F 01 01 14 10 0D 01 00 00 0E 01 61 00 0F 01 00 00 10 01 7F 00 11 01 00 00 12 01 00 17 dec
system-exclusive hex 00 01 77 7F 01 01 14 10 13 01 00 00 14 01 61 00 15 01 00 00 16 01 7F 00 17 01 00 00 18 01 00 73 dec
system-exclusive hex 00 01 77 7F 01 01 14 10 19 01 00 00 1A 01 61 00 1B 01 00 00 1C 01 7F 00 1D 01 00 00 1E 01 00 4F dec
system-exclusive hex 00 01 77 7F 01 01 14 10 1F 01 00 00 20 01 61 00 21 01 00 00 22 01 7F 00 23 01 00 00 24 01 00 2B dec
system-exclusive hex 00 01 77 7F 01 01 14 10 40 01 00 00 41 01 0D 00 42 01 0E 00 43 01 00 35 dec
system-exclusive hex 00 01 77 7F 01 01 14 10 44 01 00 00 45 01 7F 00 46 01 7F 00 47 01 00 42 dec
system-exclusive hex 00 01 77 7F 01 01 14 10 48 01 00 00 49 01 7F 00 4A 01 7F 00 4B 01 00 32 dec
system-exclusive hex 00 01 77 7F 01 01 14 10 4C 01 00 00 4D 01 7F 00 4E 01 7F 00 4F 01 00 22 dec
system-exclusive hex 00 01 77 7F 01 01 14 10 50 01 00 00 51 01 7F 00 52 01 7F 00 53 01 00 12 dec
system-exclusive hex 00 01 77 7F 01 01 14 10 54 01 00 00 55 01 7F 00 56 01 7F 00 57 01 00 02 dec
system-exclusive hex 00 01 77 7F 01 01 14 11 60 01 00 78 dec
system-exclusive hex 00 01 77 7F 01 01 14 11 01 01 00 00 02 01 47 00 03 01 5F 00 04 01 7F 00 05 01 00 00 06 01 01 18 dec
system-exclusive hex 00 01 77 7F 01 01 14 11 07 01 00 00 08 01 61 00 09 01 00 00 0A 01 7F 00 0B 01 00 00 0C 01 00 3A dec
system-exclusive hex 00 01 77 7F 01 01 14 11 0D 01 00 00 0E 01 61 00 0F 01 00 00 10 01 7F 00 11 01 00 00 12 01 00 16 dec
system-exclusive hex 00 01 77 7F 01 01 14 11 13 01 00 00 14 01 61 00 15 01 00 00 16 01 7F 00 17 01 00 00 18 01 00 72 dec
system-exclusive hex 00 01 77 7F 01 01 14 11 19 01 00 00 1A 01 61 00 1B 01 00 00 1C 01 7F 00 1D 01 00 00 1E 01 00 4E dec
system-exclusive hex 00 01 77 7F 01 01 14 11 1F 01 00 00 20 01 61 00 21 01 00 00 22 01 7F 00 23 01 00 00 24 01 00 2A dec
system-exclusive hex 00 01 77 7F 01 01 14 11 40 01 00 00 41 01 11 00 42 01 12 00 43 01 00 2C dec
system-exclusive hex 00 01 77 7F 01 01 14 11 44 01 00 00 45 01 7F 00 46 01 7F 00 47 01 00 41 dec
system-exclusive hex 00 01 77 7F 01 01 14 11 48 01 00 00 49 01 7F 00 4A 01 7F 00 4B 01 00 31 dec
system-exclusive hex 00 01 77 7F 01 01 14 11 4C 01 00 00 4D 01 7F 00 4E 01 7F 00 4F 01 00 21 dec
system-exclusive hex 00 01 77 7F 01 01 14 11 50 01 00 00 51 01 7F 00 52 01 7F 00 53 01 00 11 dec
system-exclusive hex 00 01 77 7F 01 01 14 11 54 01 00 00 55 01 7F 00 56 01 7F 00 57 01 00 01 dec
system-exclusive hex 00 01 77 7F 01 01 14 12 60 01 00 77 dec
system-exclusive hex 00 01 77 7F 01 01 14 12 01 01 00 00 02 01 47 00 03 01 01 00 04 01 7F 00 05 01 00 00 06 01 01 75 dec
system-exclusive hex 00 01 77 7F 01 01 14 12 07 01 00 00 08 01 61 00 09 01 00 00 0A 01 7F 00 0B 01 00 00 0C 01 00 39 dec
system-exclusive hex 00 01 77 7F 01 01 14 12 0D 01 00 00 0E 01 61 00 0F 01 00 00 10 01 7F 00 11 01 00 00 12 01 00 15 dec
system-exclusive hex 00 01 77 7F 01 01 14 12 13 01 00 00 14 01 61 00 15 01 00 00 16 01 7F 00 17 01 00 00 18 01 00 71 dec
system-exclusive hex 00 01 77 7F 01 01 14 12 19 01 00 00 1A 01 61 00 1B 01 00 00 1C 01 7F 00 1D 01 00 00 1E 01 00 4D dec
system-exclusive hex 00 01 77 7F 01 01 14 12 1F 01 00 00 20 01 61 00 21 01 00 00 22 01 7F 00 23 01 00 00 24 01 00 29 dec
system-exclusive hex 00 01 77 7F 01 01 14 12 40 01 00 00 41 01 15 00 42 01 16 00 43 01 00 23 dec
system-exclusive hex 00 01 77 7F 01 01 14 12 44 01 00 00 45 01 7F 00 46 01 7F 00 47 01 00 40 dec
system-exclusive hex 00 01 77 7F 01 01 14 12 48 01 00 00 49 01 7F 00 4A 01 7F 00 4B 01 00 30 dec
system-exclusive hex 00 01 77 7F 01 01 14 12 4C 01 00 00 4D 01 7F 00 4E 01 7F 00 4F 01 00 20 dec
system-exclusive hex 00 01 77 7F 01 01 14 12 50 01 00 00 51 01 7F 00 52 01 7F 00 53 01 00 10 dec
system-exclusive hex 00 01 77 7F 01 01 14 12 54 01 00 00 55 01 7F 00 56 01 7F 00 57 01 00 00 dec
system-exclusive hex 00 01 77 7F 01 01 14 14 60 01 00 75 dec
system-exclusive hex 00 01 77 7F 01 01 14 14 01 01 00 00 02 01 62 00 03 01 01 00 04 01 00 00 05 01 00 00 06 01 01 57 dec
system-exclusive hex 00 01 77 7F 01 01 14 14 07 01 00 00 08 01 61 00 09 01 00 00 0A 01 7F 00 0B 01 00 00 0C 01 00 37 dec
system-exclusive hex 00 01 77 7F 01 01 14 14 0D 01 00 00 0E 01 61 00 0F 01 00 00 10 01 7F 00 11 01 00 00 12 01 00 13 dec
system-exclusive hex 00 01 77 7F 01 01 14 14 13 01 00 00 14 01 61 00 15 01 00 00 16 01 7F 00 17 01 00 00 18 01 00 6F dec
system-exclusive hex 00 01 77 7F 01 01 14 14 19 01 00 00 1A 01 61 00 1B 01 00 00 1C 01 7F 00 1D 01 00 00 1E 01 00 4B dec
system-exclusive hex 00 01 77 7F 01 01 14 14 1F 01 00 00 20 01 61 00 21 01 00 00 22 01 7F 00 23 01 00 00 24 01 00 27 dec
system-exclusive hex 00 01 77 7F 01 01 14 14 40 01 00 00 41 01 7F 00 42 01 7F 00 43 01 00 4E dec
system-exclusive hex 00 01 77 7F 01 01 14 14 44 01 00 00 45 01 7F 00 46 01 7F 00 47 01 00 3E dec
system-exclusive hex 00 01 77 7F 01 01 14 14 48 01 00 00 49 01 7F 00 4A 01 7F 00 4B 01 00 2E dec
system-exclusive hex 00 01 77 7F 01 01 14 14 4C 01 00 00 4D 01 7F 00 4E 01 7F 00 4F 01 00 1E dec
system-exclusive hex 00 01 77 7F 01 01 14 14 50 01 00 00 51 01 7F 00 52 01 7F 00 53 01 00 0E dec
system-exclusive hex 00 01 77 7F 01 01 14 14 54 01 00 00 55 01 7F 00 56 01 7F 00 57 01 00 7E dec
system-exclusive hex 00 01 77 7F 01 01 14 15 60 01 00 74 dec
system-exclusive hex 00 01 77 7F 01 01 14 15 01 01 00 00 02 01 62 00 03 01 02 00 04 01 00 00 05 01 00 00 06 01 01 55 dec
system-exclusive hex 00 01 77 7F 01 01 14 15 07 01 00 00 08 01 61 00 09 01 00 00 0A 01 7F 00 0B 01 00 00 0C 01 00 36 dec
system-exclusive hex 00 01 77 7F 01 01 14 15 0D 01 00 00 0E 01 61 00 0F 01 00 00 10 01 7F 00 11 01 00 00 12 01 00 12 dec
system-exclusive hex 00 01 77 7F 01 01 14 15 13 01 00 00 14 01 61 00 15 01 00 00 16 01 7F 00 17 01 00 00 18 01 00 6E dec
system-exclusive hex 00 01 77 7F 01 01 14 15 19 01 00 00 1A 01 61 00 1B 01 00 00 1C 01 7F 00 1D 01 00 00 1E 01 00 4A dec
system-exclusive hex 00 01 77 7F 01 01 14 15 1F 01 00 00 20 01 61 00 21 01 00 00 22 01 7F 00 23 01 00 00 24 01 00 26 dec
system-exclusive hex 00 01 77 7F 01 01 14 15 40 01 00 00 41 01 7F 00 42 01 7F 00 43 01 00 4D dec
system-exclusive hex 00 01 77 7F 01 01 14 15 44 01 00 00 45 01 7F 00 46 01 7F 00 47 01 00 3D dec
system-exclusive hex 00 01 77 7F 01 01 14 15 48 01 00 00 49 01 7F 00 4A 01 7F 00 4B 01 00 2D dec
system-exclusive hex 00 01 77 7F 01 01 14 15 4C 01 00 00 4D 01 7F 00 4E 01 7F 00 4F 01 00 1D dec
system-exclusive hex 00 01 77 7F 01 01 14 15 50 01 00 00 51 01 7F 00 52 01 7F 00 53 01 00 0D dec
system-exclusive hex 00 01 77 7F 01 01 14 15 54 01 00 00 55 01 7F 00 56 01 7F 00 57 01 00 7D dec
system-exclusive hex 00 01 77 7F 01 01 14 16 60 01 00 73 dec
system-exclusive hex 00 01 77 7F 01 01 14 16 01 01 00 00 02 01 56 00 03 01 01 00 04 01 00 00 05 01 00 00 06 01 01 61 dec
system-exclusive hex 00 01 77 7F 01 01 14 16 07 01 00 00 08 01 61 00 09 01 00 00 0A 01 7F 00 0B 01 00 00 0C 01 00 35 dec
system-exclusive hex 00 01 77 7F 01 01 14 16 0D 01 00 00 0E 01 61 00 0F 01 00 00 10 01 7F 00 11 01 00 00 12 01 00 11 dec
system-exclusive hex 00 01 77 7F 01 01 14 16 13 01 00 00 14 01 61 00 15 01 00 00 16 01 7F 00 17 01 00 00 18 01 00 6D dec
system-exclusive hex 00 01 77 7F 01 01 14 16 19 01 00 00 1A 01 61 00 1B 01 00 00 1C 01 7F 00 1D 01 00 00 1E 01 00 49 dec
system-exclusive hex 00 01 77 7F 01 01 14 16 1F 01 00 00 20 01 61 00 21 01 00 00 22 01 7F 00 23 01 00 00 24 01 00 25 dec
system-exclusive hex 00 01 77 7F 01 01 14 16 40 01 00 00 41 01 7F 00 42 01 7F 00 43 01 00 4C dec
system-exclusive hex 00 01 77 7F 01 01 14 16 44 01 00 00 45 01 7F 00 46 01 7F 00 47 01 00 3C dec
system-exclusive hex 00 01 77 7F 01 01 14 16 48 01 00 00 49 01 7F 00 4A 01 7F 00 4B 01 00 2C dec
system-exclusive hex 00 01 77 7F 01 01 14 16 4C 01 00 00 4D 01 7F 00 4E 01 7F 00 4F 01 00 1C dec
system-exclusive hex 00 01 77 7F 01 01 14 16 50 01 00 00 51 01 7F 00 52 01 7F 00 53 01 00 0C dec
system-exclusive hex 00 01 77 7F 01 01 14 16 54 01 00 00 55 01 7F 00 56 01 7F 00 57 01 00 7C dec
system-exclusive hex 00 01 77 7F 01 01 14 17 60 01 00 72 dec
system-exclusive hex 00 01 77 7F 01 01 14 17 01 01 00 00 02 01 56 00 03 01 00 00 04 01 00 00 05 01 00 00 06 01 01 61 dec
system-exclusive hex 00 01 77 7F 01 01 14 17 07 01 00 00 08 01 61 00 09 01 00 00 0A 01 7F 00 0B 01 00 00 0C 01 00 34 dec
system-exclusive hex 00 01 77 7F 01 01 14 17 0D 01 00 00 0E 01 61 00 0F 01 00 00 10 01 7F 00 11 01 00 00 12 01 00 10 dec
system-exclusive hex 00 01 77 7F 01 01 14 17 13 01 00 00 14 01 61 00 15 01 00 00 16 01 7F 00 17 01 00 00 18 01 00 6C dec
system-exclusive hex 00 01 77 7F 01 01 14 17 19 01 00 00 1A 01 61 00 1B 01 00 00 1C 01 7F 00 1D 01 00 00 1E 01 00 48 dec
system-exclusive hex 00 01 77 7F 01 01 14 17 1F 01 00 00 20 01 61 00 21 01 00 00 22 01 7F 00 23 01 00 00 24 01 00 24 dec
system-exclusive hex 00 01 77 7F 01 01 14 17 40 01 00 00 41 01 7F 00 42 01 7F 00 43 01 00 4B dec
system-exclusive hex 00 01 77 7F 01 01 14 17 44 01 00 00 45 01 7F 00 46 01 7F 00 47 01 00 3B dec
system-exclusive hex 00 01 77 7F 01 01 14 17 48 01 00 00 49 01 7F 00 4A 01 7F 00 4B 01 00 2B dec
system-exclusive hex 00 01 77 7F 01 01 14 17 4C 01 00 00 4D 01 7F 00 4E 01 7F 00 4F 01 00 1B dec
system-exclusive hex 00 01 77 7F 01 01 14 17 50 01 00 00 51 01 7F 00 52 01 7F 00 53 01 00 0B dec
system-exclusive hex 00 01 77 7F 01 01 14 17 54 01 00 00 55 01 7F 00 56 01 7F 00 57 01 00 7B dec
system-exclusive hex 00 01 77 7F 01 01 14 18 60 01 00 71 dec
system-exclusive hex 00 01 77 7F 01 01 14 18 01 01 00 00 02 01 47 00 03 01 50 00 04 01 7F 00 05 01 00 00 06 01 01 20 dec
system-exclusive hex 00 01 77 7F 01 01 14 18 07 01 00 00 08 01 61 00 09 01 00 00 0A 01 7F 00 0B 01 00 00 0C 01 00 33 dec
system-exclusive hex 00 01 77 7F 01 01 14 18 0D 01 00 00 0E 01 61 00 0F 01 00 00 10 01 7F 00 11 01 00 00 12 01 00 0F dec
system-exclusive hex 00 01 77 7F 01 01 14 18 13 01 00 00 14 01 61 00 15 01 00 00 16 01 7F 00 17 01 00 00 18 01 00 6B dec
system-exclusive hex 00 01 77 7F 01 01 14 18 19 01 00 00 1A 01 61 00 1B 01 00 00 1C 01 7F 00 1D 01 00 00 1E 01 00 47 dec
system-exclusive hex 00 01 77 7F 01 01 14 18 1F 01 00 00 20 01 61 00 21 01 00 00 22 01 7F 00 23 01 00 00 24 01 00 23 dec
system-exclusive hex 00 01 77 7F 01 01 14 19 60 01 00 70 dec
system-exclusive hex 00 01 77 7F 01 01 14 19 01 01 00 00 02 01 47 00 03 01 51 00 04 01 7F 00 05 01 00 00 06 01 01 1E dec
system-exclusive hex 00 01 77 7F 01 01 14 19 07 01 00 00 08 01 61 00 09 01 00 00 0A 01 7F 00 0B 01 00 00 0C 01 00 32 dec
system-exclusive hex 00 01 77 7F 01 01 14 19 0D 01 00 00 0E 01 61 00 0F 01 00 00 10 01 7F 00 11 01 00 00 12 01 00 0E dec
system-exclusive hex 00 01 77 7F 01 01 14 19 13 01 00 00 14 01 61 00 15 01 00 00 16 01 7F 00 17 01 00 00 18 01 00 6A dec
system-exclusive hex 00 01 77 7F 01 01 14 19 19 01 00 00 1A 01 61 00 1B 01 00 00 1C 01 7F 00 1D 01 00 00 1E 01 00 46 dec
system-exclusive hex 00 01 77 7F 01 01 14 19 1F 01 00 00 20 01 61 00 21 01 00 00 22 01 7F 00 23 01 00 00 24 01 00 22 dec
system-exclusive hex 00 01 77 7F 01 01 14 1A 60 01 00 6F dec
system-exclusive hex 00 01 77 7F 01 01 14 1A 01 01 00 00 02 01 47 00 03 01 52 00 04 01 7F 00 05 01 00 00 06 01 01 1C dec
system-exclusive hex 00 01 77 7F 01 01 14 1A 07 01 00 00 08 01 61 00 09 01 00 00 0A 01 7F 00 0B 01 00 00 0C 01 00 31 dec
system-exclusive hex 00 01 77 7F 01 01 14 1A 0D 01 00 00 0E 01 61 00 0F 01 00 00 10 01 7F 00 11 01 00 00 12 01 00 0D dec
system-exclusive hex 00 01 77 7F 01 01 14 1A 13 01 00 00 14 01 61 00 15 01 00 00 16 01 7F 00 17 01 00 00 18 01 00 69 dec
system-exclusive hex 00 01 77 7F 01 01 14 1A 19 01 00 00 1A 01 61 00 1B 01 00 00 1C 01 7F 00 1D 01 00 00 1E 01 00 45 dec
system-exclusive hex 00 01 77 7F 01 01 14 1A 1F 01 00 00 20 01 61 00 21 01 00 00 22 01 7F 00 23 01 00 00 24 01 00 21 dec
system-exclusive hex 00 01 77 7F 01 01 14 1B 60 01 00 6E dec
system-exclusive hex 00 01 77 7F 01 01 14 1B 01 01 00 00 02 01 47 00 03 01 53 00 04 01 7F 00 05 01 00 00 06 01 01 1A dec
system-exclusive hex 00 01 77 7F 01 01 14 1B 07 01 00 00 08 01 61 00 09 01 00 00 0A 01 7F 00 0B 01 00 00 0C 01 00 30 dec
system-exclusive hex 00 01 77 7F 01 01 14 1B 0D 01 00 00 0E 01 61 00 0F 01 00 00 10 01 7F 00 11 01 00 00 12 01 00 0C dec
system-exclusive hex 00 01 77 7F 01 01 14 1B 13 01 00 00 14 01 61 00 15 01 00 00 16 01 7F 00 17 01 00 00 18 01 00 68 dec
system-exclusive hex 00 01 77 7F 01 01 14 1B 19 01 00 00 1A 01 61 00 1B 01 00 00 1C 01 7F 00 1D 01 00 00 1E 01 00 44 dec
system-exclusive hex 00 01 77 7F 01 01 14 1B 1F 01 00 00 20 01 61 00 21 01 00 00 22 01 7F 00 23 01 00 00 24 01 00 20 dec
system-exclusive hex 00 01 77 7F 01 01 14 36 60 01 00 53 dec
system-exclusive hex 00 01 77 7F 01 01 14 36 01 01 00 00 02 01 00 00 03 01 07 00 04 01 00 00 05 01 7F 00 06 01 01 12 dec
system-exclusive hex 00 01 77 7F 01 01 14 36 07 01 00 00 08 01 00 00 09 01 00 00 0A 01 00 00 0B 01 7F 00 0C 01 00 76 dec
system-exclusive hex 00 01 77 7F 01 01 14 36 0D 01 00 00 0E 01 00 00 0F 01 00 00 10 01 00 00 11 01 7F 00 12 01 00 52 dec
system-exclusive hex 00 01 77 7F 01 01 14 36 13 01 00 00 14 01 00 00 15 01 00 00 16 01 00 00 17 01 7F 00 18 01 00 2E dec
system-exclusive hex 00 01 77 7F 01 01 14 36 19 01 00 00 1A 01 00 00 1B 01 00 00 1C 01 00 00 1D 01 7F 00 1E 01 00 0A dec
system-exclusive hex 00 01 77 7F 01 01 14 36 1F 01 00 00 20 01 00 00 21 01 00 00 22 01 00 00 23 01 7F 00 24 01 00 66 dec
system-exclusive hex 00 01 77 7F 01 01 14 37 60 01 00 52 dec
system-exclusive hex 00 01 77 7F 01 01 14 37 01 01 00 00 02 01 00 00 03 01 0B 00 04 01 00 00 05 01 7F 00 06 01 01 0D dec
system-exclusive hex 00 01 77 7F 01 01 14 37 07 01 00 00 08 01 00 00 09 01 00 00 0A 01 00 00 0B 01 7F 00 0C 01 00 75 dec
system-exclusive hex 00 01 77 7F 01 01 14 37 0D 01 00 00 0E 01 00 00 0F 01 00 00 10 01 00 00 11 01 7F 00 12 01 00 51 dec
system-exclusive hex 00 01 77 7F 01 01 14 37 13 01 00 00 14 01 00 00 15 01 00 00 16 01 00 00 17 01 7F 00 18 01 00 2D dec
system-exclusive hex 00 01 77 7F 01 01 14 37 19 01 00 00 1A 01 00 00 1B 01 00 00 1C 01 00 00 1D 01 7F 00 1E 01 00 09 dec
system-exclusive hex 00 01 77 7F 01 01 14 37 1F 01 00 00 20 01 00 00 21 01 00 00 22 01 00 00 23 01 7F 00 24 01 00 65 dec
system-exclusive hex 00 01 77 7F 01 01 14 7E 01 01 00 00 02 01 61 00 03 01 00 00 04 01 00 00 05 01 00 77 dec
system-exclusive hex 00 01 77 7F 01 01 14 7E 07 01 00 00 08 01 61 00 09 01 00 00 0A 01 00 00 0B 01 00 59 dec
system-exclusive hex 00 01 77 7F 01 01 14 7E 0D 01 00 00 0E 01 61 00 0F 01 00 00 10 01 00 00 11 01 00 3B dec
system-exclusive hex 00 01 77 7F 01 01 14 7E 13 01 00 00 14 01 61 00 15 01 00 00 16 01 00 00 17 01 00 1D dec
system-exclusive hex 00 01 77 7F 01 01 14 7E 19 01 00 00 1A 01 61 00 1B 01 00 00 1C 01 00 00 1D 01 00 7F dec
system-exclusive hex 00 01 77 7F 01 01 14 7E 1F 01 00 00 20 01 61 00 21 01 00 00 22 01 00 00 23 01 00 61 dec
system-exclusive hex 00 01 77 7F 01 01 14 7E 25 01 00 00 26 01 61 00 27 01 00 00 28 01 00 00 29 01 00 43 dec
system-exclusive hex 00 01 77 7F 01 01 14 7E 2B 01 00 00 2C 01 61 00 2D 01 00 00 2E 01 00 00 2F 01 00 25 dec
system-exclusive hex 00 01 77 7F 01 01 14 7E 31 01 00 00 32 01 61 00 33 01 00 00 34 01 00 00 35 01 00 07 dec
system-exclusive hex 00 01 77 7F 01 01 14 7E 37 01 00 00 38 01 61 00 39 01 00 00 3A 01 00 00 3B 01 00 69 dec
system-exclusive hex 00 01 77 7F 01 01 14 7E 3D 01 00 00 3E 01 61 00 3F 01 00 00 40 01 00 00 41 01 00 4B dec
system-exclusive hex 00 01 77 7F 01 01 14 7E 43 01 00 00 44 01 61 00 45 01 00 00 46 01 00 00 47 01 00 2D dec
system-exclusive hex 00 01 77 7F 01 01 14 7E 49 01 00 00 4A 01 61 00 4B 01 00 00 4C 01 00 00 4D 01 00 0F dec
system-exclusive hex 00 01 77 7F 01 01 14 7E 4F 01 00 00 50 01 61 00 51 01 00 00 52 01 00 00 53 01 00 71 dec
system-exclusive hex 00 01 77 7F 01 01 14 7E 55 01 00 00 56 01 61 00 57 01 00 00 58 01 00 00 59 01 00 53 dec
system-exclusive hex 00 01 77 7F 01 01 14 7E 5B 01 00 00 5C 01 61 00 5D 01 00 00 5E 01 00 00 5F 01 00 35 dec
